5 0.5305813140625 1 0.549303271875 0.9977012328124999 0.5284521890625 0.8278827890624999 0.42066787968749997 0.8411170374999999 0.4401762546875 1 0.5305813140625 1
6 0.5965907078125 0.37636953125 0.730739525 0.359898128125 0.7124591234375 0.21101620468750001 0.57831030625 0.22748760781250002 0.5965907078125 0.37636953125
6 0.09453132812500001 0.6466006906249999 0.2426378234375 0.6284154984375 0.22464305312500002 0.48185985625 0.07653655781249999 0.5000450468750001 0.09453132812500001 0.6466006906249999
6 0.8542055218750001 0 0.85810686875 0.031773914062500005 0.94495465625 0.021110346874999998 0.94236263125 0 0.8542055218750001 0
6 0.598621584375 0.20059306875 0.70097790625 0.1880252921875 0.67974598125 0.0151051421875 0.577389659375 0.027672918749999997 0.598621584375 0.20059306875
6 0.6531124109374999 0.4969425015625 0.8500707875 0.472759053125 0.837883853125 0.3735044375 0.6409254765625 0.39768788593750004 0.6531124109374999 0.4969425015625
6 0.476948159375 0.8058704750000001 0.6421140421875 0.7855906546875 0.6284989515625 0.6747046390625 0.46333306875 0.694984459375 0.476948159375 0.8058704750000001
6 1 0.8796941374999999 0.9878718828125 0.7809185484375 0.8451933734375 0.7984372671875 0.86490193125 0.9589505890625001 1 0.9423626328125 1 0.8796941374999999
6 0.6315152203125 0.8467129218749999 0.6485578859375 0.9855142984375 0.7904609687499999 0.968090790625 0.7734183031249999 0.8292894140625 0.6315152203125 0.8467129218749999
6 0.2589855375 0.8192519296875 0.395460634375 0.8024948953125 0.374799971875 0.6342273046875 0.238324875 0.650984340625 0.2589855375 0.8192519296875
1 0.0770940765625 0.51099623125 0.262421053125 0.488240940625 0.248425121875 0.37425321718750004 0.06309814375 0.397008509375 0.0770940765625 0.51099623125