1 0.095107984375 0 0.082558275 0.0590417390625 0.10854032031250001 0.06456439375 0.12226390625000001 0 0.095107984375 0
1 0.813041103125 1 0.8449922234375 0.849681803125 0.6524194140625 0.8087491890624999 0.6117677984375 1 0.813041103125 1
1 0.643868921875 0.6535806359375 0.4444185125 0.6111861421875 0.4029986046875 0.8060514859374999 0.6024490140625 0.8484459781250001 0.643868921875 0.6535806359375
1 0.6165600203125 1 0.6496950859374999 0.8441117765625 0.49303863437500006 0.8108134203124999 0.452825784375 1 0.6165600203125 1
1 0.829217915625 0.91262126875 0.9193908984375 0.9317881265624999 0.9614605296875001 0.7338660734375 0.8712875468749999 0.7146992140624999 0.829217915625 0.91262126875
1 0.7936506249999999 0.456189790625 0.595728571875 0.414120159375 0.553658940625 0.6120422125 0.75158099375 0.65411184375 0.7936506249999999 0.456189790625
1 0.9616333328125 0.5414152390625 0.7553053234375 0.49755886718750003 0.710636796875 0.707707765625 0.91696480625 0.7515641375000001 0.9616333328125 0.5414152390625
1 1 0.35468665 0.9347830296874999 0.3408243546875 0.901809534375 0.49595245156249995 1 0.516823478125 1 0.35468665
1 0.950612834375 0.3114422375 0.7641534484375 0.2718090703125 0.723058403125 0.46514605781249996 0.9095177890624999 0.5047792234374999 0.950612834375 0.3114422375
1 1 0.24818611875 0.9653466843749999 0.411217146875 1 0.4185829375 1 0.24818611875
1 1 0.0951079828125 0.906570259375 0.0752488796875 0.8789569875 0.2051591078125 1 0.23088759374999998 1 0.0951079828125
1 0.9114952296875 0.14977644375000002 0.9264388828125 0.0794720859375 0.72928100625 0.037564884375 0.7143373546875 0.10786924375 0.9114952296875 0.14977644375000002
1 0.7821908109375 0.2245260015625 0.603373203125 0.18651714531250002 0.5622781578125 0.37985413125 0.741095765625 0.41786298750000006 0.7821908109375 0.2245260015625