6 0.93473410625 0.1805942234375 0.9508911093749999 0.1777453078125 0.9226732796875 0.017714048437499998 0.906516278125 0.0205629625 0.93473410625 0.1805942234375
6 0.8172138531250001 0 0.827221678125 0.0567571984375 0.9264718343749999 0.0392567171875 0.919549815625 0 0.8172138531250001 0
6 0.5462364578125001 0 0.38511392187500004 0.028410249999999998 0.4114324734375 0.17767017499999999 0.595314546875 0.1452468046875 0.569703615625 0 0.5462364578125001 0
6 0.6661083890625 0.3802741765625 0.6393828484374999 0.22870610781249998 0.473965921875 0.2578735765625 0.5006914609375 0.40944164375 0.6661083890625 0.3802741765625
6 0.6188785218749999 0.5758213578125 0.594459246875 0.43733276718749997 0.450584990625 0.46270168125 0.475004265625 0.601190271875 0.6188785218749999 0.5758213578125
6 0.8277816578125 0.9102514546875 0.8345647890624999 0.9487205062499999 0.9945960484375 0.920502678125 0.9878129171875001 0.882033625 0.8277816578125 0.9102514546875
6 0.543744334375 1 0.58913223125 0.9919968890625 0.585876328125 0.97353174375 0.43576738906249995 1 0.543744334375 1
6 0.7611820875 0.779993690625 0.7396117265625 0.6576621015625 0.571117275 0.6873722203125 0.5926876359375 0.8097038078125 0.7611820875 0.779993690625
6 0.6893249984375001 0.705400809375 0.663956084375 0.5615265515625001 0.48853720312500004 0.5924576328125 0.5139061171875 0.736331890625 0.6893249984375001 0.705400809375
6 0 0.23197087500000002 0.10594547812499999 0.21328982812500002 0.0800339140625 0.066338046875 0 0.080450184375 0 0.23197087500000002
6 0.961299565625 0.5067169671875 0.9345740265625 0.3551488984375 0.7753121468749999 0.38323106406249996 0.8020376875 0.5347991328125 0.961299565625 0.5067169671875