6 0.4393183578125 0.8648019093749999 0.41332591093750004 0.6531104265625001 0.24505832187499998 0.6737710875 0.2710507671875 0.885462571875 0.4393183578125 0.8648019093749999
6 0.8558059374999999 0.731016375 0.835145275 0.5627487859375 0.6847124984375 0.5812196078125 0.7053731609375 0.749487196875 0.8558059374999999 0.731016375
6 0.8110461203125 0.8600895671875 0.788576459375 0.6770888703125 0.6016986296875 0.7000345828125 0.6241682890625 0.8830352796875 0.8110461203125 0.8600895671875
6 1 0.46941869531249997 0.9809441968750001 0.3142216328125 0.8413673953125 0.331359509375 0.861932846875 0.49885167187499996 1 0.48189915625 1 0.46941869531249997
1 0.5680391859375 0.8489969796875 0.585748325 0.9932263421874999 0.7578930484375 0.9720896281250001 0.740183909375 0.8278602656249999 0.5680391859375 0.8489969796875
1 1 0.815588603125 0.990389575 0.7373179765625 0.8205711328125 0.758169059375 0.8431360031249999 0.9419451828125001 1 0.9226847062499999 1 0.815588603125
1 0.7109502187500001 0 0.7207876296875 0.0801192796875 0.927826553125 0.05469809531249999 0.9211104718750001 0 0.7109502187500001 0
1 0.8002865015625 0.19550965625 0.7848624125 0.06989053437500001 0.584026903125 0.09455003437500001 0.5994509921875 0.22016915625000003 0.8002865015625 0.19550965625
1 0.4694186875 0 0.38401003437500003 0.0104868640625 0.40352817031250005 0.169449334375 0.6167705078125 0.1432664671875 0.5991795984375 0 0.4694186875 0
1 0.381161509375 0.250120203125 0.3634523703125 0.10589084062500001 0.206040753125 0.12521855625 0.2237498921875 0.26944791874999996 0.381161509375 0.250120203125
1 0.3715737359375 0.1143390671875 0.3591963796875 0.013533598437499999 0.16301342968750002 0.0376218359375 0.175390784375 0.138427303125 0.3715737359375 0.1143390671875
1 0.2965428046875 0.3494543 0.2735018828125 0.16180104374999998 0.101357159375 0.1829377578125 0.1243980828125 0.3705910140625 0.2965428046875 0.3494543
1 0 0.5070812046875 0.14836560781250002 0.4888641984375 0.12418215937499999 0.2919058203125 0 0.30715347187500003 0 0.5070812046875
1 0 0.24575834218749998 0.0973700796875 0.2338028 0.0757573140625 0.05778094375 0 0.067082771875 0 0.24575834218749998
1 0.1668609390625 0.7612971078124999 0.030385843750000002 0.7780541421875 0.0509512953125 0.9455463046875 0.187426390625 0.9287892703124999 0.1668609390625 0.7612971078124999
1 0.460641296875 1 0.4587285328125 0.9844217828125 0.33185413750000003 1 0.460641296875 1