6 0.1959116828125 0.17056193125000002 0.21450036875 0.3830315828125 0.3833865015625 0.3682559609375 0.364797815625 0.155786309375 0.1959116828125 0.17056193125000002
6 0.6490139593750001 0.21326521562499998 0.66378958125 0.382151346875 0.814775340625 0.36894180468750004 0.79999971875 0.2000556734375 0.6490139593750001 0.21326521562499998
6 0.5418174015624999 0.099518921875 0.5578867421875 0.28319231875 0.745451525 0.2667825265625 0.729382184375 0.0831091296875 0.5418174015624999 0.099518921875
6 1 0.47816953125 0.9943523750000001 0.41361688750000003 0.8542624968749999 0.42587316406250003 0.8689700281249999 0.59398101875 1 0.5825173828125 1 0.47816953125
1 0.4813511640625 0 0.493991815625 0.1444833 0.6667693328125 0.129367225 0.6554511671875 0 0.4813511640625 0
1 0.7440696375 0 0.75988951875 0.1808220671875 0.9303322046875 0.1659102640625 0.9158169375 0 0.7440696375 0
1 1 0.8475885578125 0.8032610015625 0.8648009906249999 0.81286175 0.9745380625 1 0.9581655874999999 1 0.8475885578125
1 0.6554578531249999 0.7530388453125 0.6664885015625 0.8791197359374999 0.868062271875 0.861484315625 0.8570316234375 0.735403425 0.6554578531249999 0.7530388453125
1 0.5218304687499999 1 0.7023464015625 0.984206903125 0.6883878640625001 0.8246600953125001 0.47436165937499997 0.8433849625000001 0.4880637 1 0.5218304687499999 1
1 0.27772109375 0.7829495921875 0.2903859125 0.9277091343749999 0.44837616562499993 0.913886778125 0.43571134687499996 0.7691272359375 0.27772109375 0.7829495921875
1 0.4629682046875 1 0.4545635734375 0.9039346390624999 0.25765946562500003 0.9211615156249999 0.2645569390625 1 0.4629682046875 1
1 0.1595115265625 0.7046731187499999 0.17598940937500002 0.8930161796875 0.3487669265625 0.8779001046875001 0.33228904375 0.6895570453125 0.1595115265625 0.7046731187499999
1 0.1583649265625 0.584001359375 0.0066008906249999996 0.5972789921875 0.023895857812499997 0.7949613765625 0.17565989375 0.7816837453125001 0.1583649265625 0.584001359375
1 0.175154234375 1 0.16151401875 0.8440916203125 0.029206910937500004 0.8556669921875001 0.0418344125 1 0.175154234375 1
1 0 0.32415874218749996 0.119814103125 0.31367636718749997 0.10510657187500001 0.1455685109375 0 0.1547641453125 0 0.32415874218749996
1 0.3589134625 0.034744815624999995 0.356802659375 0.010618225 0.16690304375 0.027232289062499998 0.169013846875 0.051358879687500004 0.3589134625 0.034744815624999995