0 0.4823762234375 0.128246378125 0.4960623984375 0.2846800765625 0.6587223140625 0.27044917812499997 0.6450361390625 0.1140154796875 0.4823762234375 0.128246378125
0 0.65551395 0.090355996875 0.669268215625 0.24756797343749998 0.83192813125 0.23333707499999998 0.8181738656249999 0.07612509843750001 0.65551395 0.090355996875
0 0.635267103125 0.2623061984375 0.6490213687499999 0.419518175 0.8116812828125 0.40528727499999995 0.7979270171875 0.2480753 0.635267103125 0.2623061984375
0 0.6781939609375 0 0.686207209375 0.09159185625 0.848867125 0.07736095781249999 0.84209891875 0 0.6781939609375 0
0 0.8154379 0.277912665625 0.9812109234375 0.26340940625 0.9581963609375 0.00035174375 0.7924233359375 0.014855003124999999 0.8154379 0.277912665625
0 0.76951073125 0.2011546453125 0.784150171875 0.3684842234375 0.9468100875 0.354253325 0.932170646875 0.186923746875 0.76951073125 0.2011546453125
0 0.7612954249999999 0.6002643890625 0.7750496906250001 0.757476365625 0.93770960625 0.7432454671875 0.923955340625 0.586033490625 0.7612954249999999 0.6002643890625
0 0.40465047031249995 0.584412725 0.41833664531250003 0.7408464234375 0.5809965609375001 0.7266155249999999 0.5673103859374999 0.5701818265624999 0.40465047031249995 0.584412725
0 1 0.8256299984375 0.9500053968750001 0.830003959375 0.961512678125 0.961532790625 1 0.9581655874999999 1 0.8256299984375
0 0.6691461453125 0.7212561390625 0.6922287984375 0.985092078125 0.8385448953125 0.972291078125 0.8154622421875001 0.7084551390625 0.6691461453125 0.7212561390625
0 0.48649523125 1 0.46082119062500004 0.706544371875 0.1798631546875 0.731125015625 0.20338666718749998 1 0.48649523125 1