1 0.0171556125 0 0.0168273171875 0.00940115625 0.172201359375 0.014826937500000002 0.172719128125 0 0.0171556125 0
1 0.9643002671875 0.92661998125 0.9711711046874999 0.7298649125 0.762704425 0.7225850953124999 0.7558335859375 0.9193401640625 0.9643002671875 0.92661998125
1 0.813310984375 0.6837025515625 0.8204272093749999 0.4799205171875 0.62132981875 0.4729678828125 0.6142135921875 0.67674991875 0.813310984375 0.6837025515625
1 0.7976756671875 0.7284966749999999 0.9920884140625 0.7352857171875 0.9976777859375 0.5752270312500001 0.8032650390624999 0.5684379875000001 0.7976756671875 0.7284966749999999
1 0.8179001578125 1 0.82071963125 0.91926085625 0.61849914375 0.9121991609375 0.6154330703124999 1 0.8179001578125 1
1 0.5886711124999999 0.78139099375 0.5957328078125 0.5791705046875 0.39351231875 0.5721088109375 0.386450625 0.7743292984375 0.5886711124999999 0.78139099375
1 0.6432186921875 0.9654380421875001 0.6505803046875 0.754629040625 0.43586743125 0.7471311015625 0.42850581875 0.9579401031250001 0.6432186921875 0.9654380421875001
1 0.2403690171875 0.8833600421875 0.236606415625 0.991106865625 0.3951035546875 0.9966417078124999 0.39886615625 0.8888948843750001 0.2403690171875 0.8833600421875
1 0.405565940625 0.898509559375 0.41221865625 0.708000684375 0.21468281406249998 0.7011025796875 0.20803009687500001 0.89161145625 0.405565940625 0.898509559375
1 0.12794497968750002 0.9239925015624999 0.1257364953125 0.9872352031249999 0.2990683421875 0.993288084375 0.301276825 0.9300453828125 0.12794497968750002 0.9239925015624999
1 0 0.9695550421875 0.116049940625 0.9736075953125001 0.12223914843749999 0.796371878125 0 0.7921031937499999 0 0.9695550421875
1 0 0.812428075 0.060629875 0.814545315625 0.0676643046875 0.613105603125 0 0.6107427140625 0 0.812428075
1 0.36197646250000004 0.71406345 0.36835652812499997 0.5313623140625 0.170820684375 0.5244642109375001 0.1644406203125 0.7071653453125 0.36197646250000004 0.71406345