1 0.0863813484375 0.1720779171875 0.027232289062499998 0.16690304375 0.0100054109375 0.363807153125 0.069154471875 0.368982025 0.0863813484375 0.1720779171875
1 0 0.7017209890625 0.017169371875 0.7032231140625 0.028540473437500002 0.5732508359375 0 0.57075386875 0 0.7017209890625
1 0.37585492343750004 0.47580673124999995 0.36400718906249996 0.6112269484375 0.5741420078125 0.6296113625 0.5859897421875 0.49419114531249997 0.37585492343750004 0.47580673124999995
1 0.3481011953125 0.613756525 0.3382280828125 0.7266067046875 0.528905975 0.743288859375 0.5387790859375 0.630438678125 0.3481011953125 0.613756525
1 0.0806074234375 0.5966277265625 0.06875968906249999 0.7320479421874999 0.23842409843749998 0.7468916546875 0.2502718328125 0.6114714390625 0.0806074234375 0.5966277265625
1 0.069080384375 0.7014908640625 0.058185917187500005 0.8260152015625 0.20294545937500003 0.8386800203125 0.2138399265625 0.7141556828125 0.069080384375 0.7014908640625
1 0.141463328125 0.1251375046875 0.13131785625 0.24110079375 0.33911784375 0.2592809375 0.34926331718750003 0.1433176484375 0.141463328125 0.1251375046875
1 0.9581655859374999 1 0.9716101734375 0.8463276656250001 0.903900065625 0.8404038 0.8899372078125 1 0.9581655859374999 1
1 0.733532878125 0.6184607609375 0.7191657984375001 0.7826772296875 0.913735075 0.7996998359374999 0.9281021546874999 0.6354833656250001 0.733532878125 0.6184607609375
1 0.8557033328125 0.665224065625 0.9864538859374999 0.67666325625 0.9957141843749999 0.5708175703125 0.8649636296875001 0.5593783796875 0.8557033328125 0.665224065625
1 0 0.9581655874999999 0.133437128125 0.9698398234375001 0.14535295312500002 0.8336413296874999 0 0.82092459375 0 0.9581655874999999
1 0.28864449375 0.9347961843749999 0.2844228875 0.9830493656250001 0.42996070625 0.995782275 0.43418231250000006 0.94752909375 0.28864449375 0.9347961843749999
1 0.107598046875 0.9424837 0.10541915312500001 0.9673885671875 0.250956971875 0.9801214765624999 0.253135865625 0.955216609375 0.107598046875 0.9424837
6 0.6740779375 0.2313370484375 0.6590299546875 0.40333628906249996 0.8263595328125 0.41797572968749996 0.841407515625 0.24597648906249997 0.6740779375 0.2313370484375