6 0 0.9048556124999999 0.07489847499999999 0.908780875 0.0843434796875 0.7285594515625 0 0.7241391968750001 0 0.9048556124999999
1 0.0255177171875 0 0.020638315625 0.0931045125 0.1470273671875 0.09972828125 0.1522539046875 0 0.0255177171875 0
1 0.1904986234375 0.2256134125 0.1976539296875 0.08908203125 0.0408378859375 0.08086365 0.033682579687500006 0.21739503125 0.1904986234375 0.2256134125
1 0.21249270937500003 0 0.2042799390625 0.1567089890625 0.37435903125 0.16562245625 0.3829454 0.0017847984375 0.34888941562500003 0 0.21249270937500003 0
1 0 0.72492151875 0.125652096875 0.731506665625 0.13738679843749999 0.5075952 0 0.5003950625 0 0.72492151875
1 0.11394169375 0.8803164796875 0.1087080984375 0.9801794328125 0.291270059375 0.9897471 0.29650365624999997 0.889884146875 0.11394169375 0.8803164796875
1 0.6244618671875 0.8867313328125 0.6342339703125 0.7002684734375 0.4430900359375 0.6902510453125 0.43331793281250003 0.876713903125 0.6244618671875 0.8867313328125
1 0.3892975140625 0 0.3868971359375 0.045801940624999996 0.5452735390625 0.054102096875000005 0.5480129984375 0.00183008125 0.5130929640625 0 0.3892975140625 0
1 1 0.2539557828125 0.9246031625000001 0.2500044015625 0.9162212328124999 0.40994116406250003 1 0.414331821875 1 0.2539557828125
1 0.9721056921875 0.2243303078125 0.9806511718750001 0.061272828125 0.7801450859375 0.050764750000000004 0.7715996046875 0.213822228125 0.9721056921875 0.2243303078125
1 1 0.3892975140625 0.9635602109375 0.3873877859375 0.95505561875 0.5496650859375001 0.99796548125 0.5519138953125 1 0.5130929625 1 0.3892975140625
6 0.2066293515625 0.38057625 0.21586991875 0.20425572343749998 0.0543727984375 0.1957920171875 0.04513223125 0.3721125453125 0.2066293515625 0.38057625
6 0.659621853125 0.7532322578125 0.6677993468750001 0.59719639375 0.5047418687499999 0.5886509125 0.496564375 0.744686778125 0.659621853125 0.7532322578125