3 0.6800264953124999 0.6164408796874999 0.67779040625 0.744546365625 0.8222996421875 0.747068784375 0.8245357328124999 0.6189632984375 0.6800264953124999 0.6164408796874999
3 0.99134863125 1 0.992792903125 0.917257721875 0.9443627812500001 0.916412371875 0.942903753125 1 0.99134863125 1
3 0.8332056234375 0.25655941250000003 0.8307650125 0.3963818640625 0.9643384156250001 0.39871339687499996 0.9667790265624999 0.2588909453125 0.8332056234375 0.25655941250000003
6 0.3808220953125 0.5682429531250001 0.3775770375 0.7541521328125 0.5822333625 0.7577244234375 0.5854784203125 0.5718152421875 0.3808220953125 0.5682429531250001
6 0.30218869531250003 0.417628921875 0.2990936203125 0.5949456609375 0.46156887187500006 0.5977816765624999 0.464663946875 0.42046493749999997 0.30218869531250003 0.417628921875
6 0 0.91321173125 0.0255209203125 0.9136572 0.028534187500000002 0.741027246875 0 0.7405291796875 0 0.91321173125
3 0.1092827390625 0.6361705328125 0.10686939843750001 0.7744307218750001 0.27012577968749996 0.7772803734375 0.2725391203125 0.639020184375 0.1092827390625 0.6361705328125
3 0.02352016875 0.7596925828125001 0.0207659609375 0.917481046875 0.1848034734375 0.9203443328124999 0.18755768125 0.76255586875 0.02352016875 0.7596925828125001
6 0 0.78116036875 0.09578358125 0.782832278125 0.098687771875 0.616451371875 0 0.6147287703125001 0 0.78116036875
6 0.7061877703125 0.773952696875 0.7033926578125 0.9340845546875001 0.8713358250000001 0.9370160140625 0.8741309375 0.77688415625 0.7061877703125 0.773952696875
3 0.071597159375 0.3331229234375 0.06857025624999999 0.5065340078125 0.245886996875 0.5096290828125001 0.24891389843749998 0.3362179984375 0.071597159375 0.3331229234375
3 0.2850891703125 0.14385129531250002 0.2827576375 0.2774246984375 0.434297053125 0.2800698296875 0.4366285859375 0.1464964265625 0.2850891703125 0.14385129531250002
3 0.24766128125 0.2736866140625 0.24490707343749998 0.43147507812499997 0.40347666875000004 0.43424292031249995 0.40623087656249995 0.27645445625 0.24766128125 0.2736866140625
3 0.9365990656250001 0.06302189999999999 0.937567128125 0.0075615984375 0.775091878125 0.0047255828125 0.774123815625 0.060185884375 0.9365990656250001 0.06302189999999999