3 0 0.5349634109375 0.0154126765625 0.644630303125 0.0896827828125 0.6341923203125 0.066197321875 0.4670845828125 0 0.47638800937500003 0 0.5349634109375
3 0.059757265625 0.578439565625 0.08356891250000001 0.7478682421875 0.25067665 0.72438278125 0.2268650015625 0.5549541046875001 0.059757265625 0.578439565625
6 0.40766000468749997 0.488520778125 0.42581774531249994 0.617719815625 0.5673951328125 0.5978224109375 0.5492373921875 0.46862337500000006 0.40766000468749997 0.488520778125
6 0.14661059375000002 0.42738183437500005 0.16639926875 0.568185575 0.313392184375 0.54752706875 0.293603509375 0.406723328125 0.14661059375000002 0.42738183437500005
6 0 0.445147203125 0.0059365015625 0.48738760625 0.13745647968750002 0.46890367812499995 0.11614559843750001 0.31726888125 0 0.3335920796875 0 0.445147203125
6 0.5403174484375 0.45567629062500004 0.5626068906249999 0.6142739109375001 0.6856167515625 0.5969860015624999 0.6633273109375 0.43838838124999996 0.5403174484375 0.45567629062500004
6 0.470166584375 0.792940384375 0.4915861953125 0.9453488296874999 0.65869393125 0.9218633687500001 0.637274321875 0.7694549234375 0.470166584375 0.792940384375
3 0.715851703125 0.5651242843750001 0.7372713125 0.7175327296875 0.8602811750000001 0.7002448203125 0.8388615640625 0.5478363749999999 0.715851703125 0.5651242843750001
3 0.3959842453125 0.6187569296875 0.41588165000000005 0.7603343171875 0.548948921875 0.7416329312500001 0.5290515171875 0.60005554375 0.3959842453125 0.6187569296875
3 0.30137344375 0.43955522968749994 0.3209446609375 0.5788116765625 0.4594274609375 0.5593491875 0.43985624375 0.420092740625 0.30137344375 0.43955522968749994
3 0.13004871093749998 1 0.116254496875 0.90184906875 0.0528154484375 0.9107648453125 0.06535663124999999 1 0.13004871093749998 1