1 0 0.084399346875 0.1003393171875 0.072079228125 0.0971021625 0.045714721874999996 0 0.0576373671875 0 0.084399346875
1 1 0.653490675 0.794290078125 0.6787486765625 0.8182831046875 0.8741562 1 0.851844171875 1 0.653490675
1 0.8381910156249999 0.6324282328125 0.8133410953125001 0.43004186874999994 0.6156072921875 0.45432052812499996 0.6404572125 0.656706890625 0.8381910156249999 0.6324282328125
1 1 0.49685438125000003 0.8102374031249999 0.5201542984375 0.829755540625 0.6791167687499999 1 0.6582133765625 1 0.49685438125000003
1 0.681522378125 0.8885869546875 0.6927572078125 0.9800873031249999 0.8935927171875001 0.955427803125 0.8823578875000001 0.8639274546875001 0.681522378125 0.8885869546875
1 0.6315986734375 0.764055384375 0.6069391734375 0.5632198749999999 0.40610366249999996 0.587879375 0.4307631625 0.788714884375 0.6315986734375 0.764055384375
1 0.7142659828125 0.9373033890625001 0.68855916875 0.727938184375 0.47531683124999996 0.7541210515625 0.5010236453125 0.9634862546875 0.7142659828125 0.9373033890625001
1 0.47323517031250006 1 0.4609478453125 0.8999277609374999 0.303536228125 0.919255478125 0.313450409375 1 0.47323517031250006 1
1 0.469069209375 0.9083759875 0.44583786718749996 0.7191718781249999 0.249654915625 0.7432601156249999 0.272886259375 0.932464225 0.469069209375 0.9083759875
1 0.3764197734375 1 0.3709973578125 0.9558379640625001 0.198852634375 0.9769746781249999 0.20167978749999999 1 0.3764197734375 1
1 0.1914472671875 1 0.1732527875 0.8518178656250001 0.0414302515625 0.8680036375 0.0576373671875 1 0.1914472671875 1
1 0.0906806890625 0.6793452890625 0.019341434375 0.6881046468750001 0.0439057234375 0.8881647312500001 0.11524497812500001 0.879405371875 0.0906806890625 0.6793452890625
1 0.3971626625 0.7330196109375 0.3748834234375 0.5515697687500001 0.1787004734375 0.5756580062500001 0.2009797125 0.7571078484375 0.3971626625 0.7330196109375