4 0.3437308984375 0.3798824140625 0.1704665359375 0.3616715953125 0.1513574265625 0.5434826296875 0.3246217890625 0.5616934484375 0.3437308984375 0.3798824140625
6 0.0497979765625 0 0.033362625 0.15637193124999998 0.1063978265625 0.164048240625 0.1229753875 0.006323284375 0.0628133578125 0 0.0497979765625 0
3 0.3051028140625 0 0.2896344421875 0.14717173125 0.46445274375 0.165545875 0.48135695624999997 0.0047130375 0.43651540000000005 0 0.3051028140625 0
3 0.7733928640625 0.1485269296875 0.7861322703125 0.0273195734375 0.609760028125 0.0087821046875 0.5970206218749999 0.129989459375 0.7733928640625 0.1485269296875
4 0.7609193359375 0.1401459296875 0.6132949921875 0.1246299859375 0.5983506890625 0.2668155375 0.7459750328125 0.28233148125 0.7609193359375 0.1401459296875
6 0.049797978124999996 0 0.0456120546875 0.039826396874999996 0.1831357859375 0.0542807234375 0.18884091875 0 0.049797978124999996 0
6 0.6351365140625 0.1559910953125 0.4346781953125 0.1349220765625 0.4136908390625 0.33460342656250003 0.6141491593749999 0.35567244531250003 0.6351365140625 0.1559910953125
4 0.928213375 0.6785511078125 0.9833782609374999 0.6843491703125 0.9975875984375 0.54915635 0.9424227125 0.5433582875 0.928213375 0.6785511078125
6 1 0.345166034375 0.8618719562500001 0.3306481921875 0.839986309375 0.5388762140625001 0.9930494453125001 0.5549637984375 1 0.4888336875 1 0.345166034375
6 1 0.049797978124999996 0.8350813953125 0.032464334375 0.822097 0.1560026 1 0.17470095937500002 1 0.049797978124999996
6 0.8976614046875 0.124667071875 0.7484831203125 0.108987803125 0.7323138734375 0.262827909375 0.8814921578125 0.27850717812500003 0.8976614046875 0.124667071875