6 0.8561724249999999 0.447682215625 0.9991194 0.44518706718749995 0.995860709375 0.2584967546875 0.852913734375 0.2609919046875 0.8561724249999999 0.447682215625
6 0.9421223843750001 0 0.9431180703125 0.057042809375 0.9923293234375 0.0561838234375 0.99134863125 0 0.9421223843750001 0
6 0.6548917765625 0.5551176609375 0.7884651796875 0.5527861281249999 0.785070140625 0.35828450625 0.6514967375 0.3606160390625 0.6548917765625 0.5551176609375
6 0.7708009031249999 0.704680046875 0.90437430625 0.7023485140625 0.9020836781250001 0.5711185046875 0.768510275 0.5734500359375 0.7708009031249999 0.704680046875
6 0.60376730625 0.8044853859375 0.737340709375 0.802153853125 0.7340002109375 0.6107767546875 0.6004268078125 0.6131082875 0.60376730625 0.8044853859375
6 1 0.8843010765624999 0.8950803625000001 0.88613245625 0.896948315625 0.9931474046875 1 0.99134863125 1 0.8843010765624999
6 0.0260087796875 0.9200550140624999 0.1595821828125 0.91772348125 0.1562416828125 0.7263463828125001 0.0226682796875 0.728677915625 0.0260087796875 0.9200550140624999
6 0.15663749375 0.4356702046875 0.342546675 0.432425146875 0.340106065625 0.292602696875 0.154196884375 0.295847753125 0.15663749375 0.4356702046875
6 0.22761351875 0.249246859375 0.361186921875 0.2469153265625 0.35756009375 0.0391344765625 0.223986690625 0.041466009375 0.22761351875 0.249246859375
6 0.3811611875 0.316889884375 0.5748816796875 0.31350848125 0.572154740625 0.157282278125 0.37843425 0.1606636828125 0.3811611875 0.316889884375
6 0 0.325105815625 0.01561914375 0.3248331828125 0.01227864375 0.133456084375 0 0.13367040937500002 0 0.325105815625
6 0 0.41183777499999996 0.111649446875 0.4098889265625 0.10959060937500001 0.2919381453125 0 0.29385105624999996 0 0.41183777499999996