6 1 0.43417375312499995 0.968808746875 0.317766409375 0.9016467171875 0.3357624203125 0.9505796921874999 0.518382771875 1 0.505140640625 1 0.43417375312499995
6 1 0.615138734375 0.9388384796875 0.6315269140625 0.9794811578125 0.7832074546875 1 0.777709446875 1 0.615138734375
6 0.7978010359375001 0.48248278593749994 0.8400613328125001 0.6402003625 0.99098724375 0.5997598859375 0.9487269453125 0.442042309375 0.7978010359375001 0.48248278593749994
6 0.7421723203124999 0.6340772625 0.7858480343750001 0.797077246875 0.9563943140625 0.751379509375 0.9127186 0.588379525 0.7421723203124999 0.6340772625
6 0.6740010843750001 0.3555105984375 0.7184856078124999 0.5215291 0.8807309609375 0.4780555890625 0.8362464375 0.3120370875 0.6740010843750001 0.3555105984375
6 0.6769537531250001 0.215604196875 0.7121369671875 0.3469097390625 0.8366508421875001 0.313546346875 0.801467628125 0.18224080468749998 0.6769537531250001 0.215604196875
3 0.6994116921875 0.1424554203125 0.731764071875 0.2631961484375 0.8894816484374999 0.2209358515625 0.85712926875 0.1001951234375 0.6994116921875 0.1424554203125
6 0.43525661875 0.4364669859375 0.476910309375 0.5919206734375 0.632363996875 0.5502669828125 0.59071030625 0.3948132953125 0.43525661875 0.4364669859375
6 0.4539619015625 0.7598315828125 0.49056053281249995 0.89641953125 0.6324308890625 0.858405484375 0.5958322578125 0.7218175359375001 0.4539619015625 0.7598315828125
3 0.3282446 1 0.29563098125 0.8782843203124999 0.153760625 0.9162983671875 0.176188409375 1 0.3282446 1
6 0 0.553752175 0.015607153125 0.6119988625 0.17558861718750002 0.5691319578125 0.13393492812500002 0.41367827031250004 0 0.4495660265625 0 0.553752175
3 0 0.36706745625 0.13821306093750002 0.330033378125 0.09898579843750001 0.1836352453125 0 0.2101584109375 0 0.36706745625
6 0.423736778125 0.1459558625 0.3879469578125 0.0123864328125 0.22947475156250002 0.054848931249999996 0.265264571875 0.1884183625 0.423736778125 0.1459558625