1 1 0.1827644671875 0.9384662531249999 0.17953962031249998 0.9291030234375001 0.3582006859375 1 0.36191623906250003 1 0.1827644671875
1 0.0373073 0.819973046875 0.029129807812500002 0.9760089125 0.215592665625 0.985781015625 0.22377015937500003 0.8297451515625 0.0373073 0.819973046875
1 0 0.58097424375 0.048135843750000004 0.5834969375 0.055945350000000005 0.4344826859375 0.00289315625 0.4317023390625 0 0.486907046875 0 0.58097424375
1 0 0.7491735046875 0.0908368734375 0.7539340640625001 0.0995867921875 0.5869756890625 0 0.5817565671875 0 0.7491735046875
1 0.025738303125 0.682460365625 0.17553273281249998 0.690310759375 0.1859590375 0.49136503125 0.036164606249999995 0.4835146390625 0.025738303125 0.682460365625
1 0.12103836406249999 0.2970760796875 0.33402731874999997 0.3082383578125 0.341019075 0.17482769375 0.1280301203125 0.163665415625 0.12103836406249999 0.2970760796875
1 0.42293736718749997 0 0.41549746406250004 0.1419618 0.5442270515625001 0.14870823125 0.5519138953125 0.00203451875 0.5130929625 0 0.42293736718749997 0
1 0.8001579671875 0.48991398124999996 0.985840646875 0.4996451984375 0.993731928125 0.3490705890625 0.8080492484375 0.339339371875 0.8001579671875 0.48991398124999996
1 0.7993413796875 0.8786852921875001 0.9179286375 0.8849001875000001 0.9287229281249999 0.6789328453125 0.8101356703124999 0.6727179515625 0.7993413796875 0.8786852921875001
1 0.3519273234375 0.84741409375 0.3443222546875 0.9925274484375001 0.453547359375 0.99825169375 0.461152428125 0.8531383390625 0.3519273234375 0.84741409375
1 0.5066713765624999 0.9548787984375 0.7001558484375 0.9650188906249999 0.7115225640625 0.7481290375 0.5180380921875 0.737988946875 0.5066713765624999 0.9548787984375