7 0.2296875 0 0.2296875 0.08046875 0.446875 0.08046875 0.446875 0 0.2296875 0
1 0.30390625 0.63125 0.30390625 0.475 0.1203125 0.475 0.1203125 0.63125 0.30390625 0.63125
1 0.3796875 0.84296875 0.3796875 0.70546875 0.165625 0.70546875 0.165625 0.84296875 0.3796875 0.84296875
1 0.51015625 0.67265625 0.51015625 0.4796875 0.396875 0.4796875 0.396875 0.67265625 0.51015625 0.67265625
1 0.596875 0.79140625 0.596875 0.65859375 0.35234375 0.65859375 0.35234375 0.79140625 0.596875 0.79140625
1 0.75390625 0.32734375 0.75390625 0.20234375 0.5140625 0.20234375 0.5140625 0.32734375 0.75390625 0.32734375
1 0.70859375 0.2296875 0.70859375 0.04921875 0.57421875 0.04921875 0.57421875 0.2296875 0.70859375 0.2296875
1 0.65078125 0 0.65078125 0.1046875 0.81953125 0.1046875 0.81953125 0 0.65078125 0
1 1 0.16796875 0.98046875 0.16796875 0.98046875 0.34765625 1 0.34765625 1 0.16796875
1 1 0.82265625 0.92109375 0.82265625 0.92109375 0.984375 1 0.984375 1 0.82265625
7 0.52265625 0.29453125 0.52265625 0.14453125 0.39453125 0.14453125 0.39453125 0.29453125 0.52265625 0.29453125