6 0.39168072187499997 0.6511543 0.544115890625 0.61030941875 0.5034732125 0.45862887968750005 0.35103804375 0.499473759375 0.39168072187499997 0.6511543
6 0.5453687671874999 0.6059296640625 0.7249706015624999 0.5578054984375 0.6952468515625 0.44687495468750005 0.51564501875 0.49499912031250004 0.5453687671874999 0.6059296640625
6 0.5033350546875 0.8897613703125 0.6761452218749999 0.8434570265625 0.6466236750000001 0.7332811109375 0.4738135078125 0.77958545625 0.5033350546875 0.8897613703125
6 0.565826246875 1 0.59771508125 0.9914554125 0.5805278796875 0.9273119015625 0.403189934375 0.9748294609375 0.40993435937499995 1 0.565826246875 1
6 0.15354174375000001 1 0.1374838546875 0.94007114375 0.10277089531250001 0.9493724531250001 0.11633650625 1 0.15354174375000001 1
6 0.0850582171875 0.572360459375 0.007331373437499999 0.5931873046875 0.059095181249999996 0.78637246875 0.136822025 0.765545625 0.0850582171875 0.572360459375
6 0.43417374999999997 0 0.3185210390625 0.030989051562499998 0.33489943125 0.0921140453125 0.46092256562499995 0.058346246874999994 0.44528873593749996 0 0.43417374999999997 0
6 0.8245594046875 0.42840195000000003 0.947564021875 0.3954429625 0.889734140625 0.1796189109375 0.7667295249999999 0.21257789843750002 0.8245594046875 0.42840195000000003
6 0.7668941484375 0.5603218796875 0.9042367265625 0.523521046875 0.8680425015625 0.38844235625 0.7306999234375 0.4252431890625 0.7668941484375 0.5603218796875
6 0.544183546875 0.4566174828125 0.7094474187500001 0.41233516249999996 0.6770950375 0.291594434375 0.5118311656250001 0.3358767546875 0.544183546875 0.4566174828125
6 0.43907331875000005 0.47184073125000003 0.5666057125 0.43766852968750003 0.527985059375 0.2935342859375 0.4004526640625 0.32770648750000003 0.43907331875000005 0.47184073125000003
6 0.2624464515625 0.48277132968750003 0.4050714359375 0.44455507968749997 0.3644287578125 0.292874540625 0.22180377343750002 0.331090790625 0.2624464515625 0.48277132968750003
6 0.12785538125 0.547952040625 0.29991091875000003 0.5018498984375 0.2631100859375 0.3645073203125 0.09105454843750001 0.41060946249999997 0.12785538125 0.547952040625
6 0.2655134546875 0.7326804796874999 0.40361066250000005 0.69567744375 0.346589590625 0.482871909375 0.2084923828125 0.5198749453125 0.2655134546875 0.7326804796874999