6 0 0.72317710625 0.028463304687500003 0.7261687203125 0.0461841453125 0.5575661796875 0 0.55271203125 0 0.72317710625
3 0.9224455859375 0.6661615890625 0.751512134375 0.648195759375 0.7333013171875 0.8214601203124999 0.9042347671875 0.8394259500000001 0.9224455859375 0.6661615890625
4 0.4701926046875 0.26041556093749996 0.33266887500000003 0.245961234375 0.3174795828125 0.390477696875 0.4550033125 0.4049320234375 0.4701926046875 0.26041556093749996
6 0.12521313125 0.19430572968749998 0.0304227625 0.184342859375 0.0107420125 0.3715926859375 0.10553238125 0.3815555546875 0.12521313125 0.19430572968749998
1 0.23481732187499998 0.272597628125 0.07786933593749999 0.2561017296875 0.05974017968749999 0.428589121875 0.2166881671875 0.44508501875000006 0.23481732187499998 0.272597628125
1 0.049797978124999996 0 0.032709321875 0.16258769374999998 0.2121894453125 0.1814518140625 0.23007361249999997 0.011295334375 0.1226056890625 0 0.049797978124999996 0
1 0.40943241406249997 0.038787790625 0.25403836874999997 0.02245521875 0.2361542015625 0.19261169843749998 0.3915482484375 0.208944271875 0.40943241406249997 0.038787790625
1 0.7875069140625001 0.44773509375 0.6126886109374999 0.42936094999999996 0.5941511421875 0.6057331921875 0.76896944375 0.6241073359375 0.7875069140625001 0.44773509375
1 0.7714843453125 0.23395165 0.585788459375 0.21443422656250002 0.56798595625 0.38381373750000003 0.753681840625 0.4033311609375 0.7714843453125 0.23395165
1 0.59252681875 0.1577970625 0.3982842609375 0.137381346875 0.379583465625 0.3153075296875 0.5738260234375 0.3357232453125 0.59252681875 0.1577970625
1 0.536785825 0.3891755578125 0.3650754046875 0.371128065625 0.3440880484375 0.5708094140625 0.5157984703125 0.5888569078125 0.536785825 0.3891755578125
1 0.7981024203125 0.735575696875 0.6388235234375 0.718834809375 0.6200410656249999 0.8975379625000001 0.7793199625 0.91427885 0.7981024203125 0.735575696875
1 0.6501206453124999 1 0.6597902140625 0.9080001937500001 0.5090579890625 0.8921575984375 0.49772329531250004 1 0.6501206453124999 1
1 0 0.9502020218749999 0.0374954859375 0.9541429562499999 0.05186815 0.8173961953125 0 0.8119446328125 0 0.9502020218749999
1 0.351246453125 0.5849162 0.1671045078125 0.5655621015625 0.14717877031249998 0.7551428375 0.33132071406249997 0.7744969359375 0.351246453125 0.5849162