6 0.27355893125 0.7817119984375 0.23197860625 0.9484815765624999 0.39799014062500004 0.9898729 0.43957046718750004 0.8231033218749999 0.27355893125 0.7817119984375
6 0.8973528734375 0.5177493421875 0.937799190625 0.355528025 0.77178765625 0.3141367 0.7313413390625 0.4763580171875 0.8973528734375 0.5177493421875
6 0.78032631875 0.9322183046875001 0.9000971968749999 0.9620805390625 0.935629475 0.8195683546874999 0.815858596875 0.7897061203125 0.78032631875 0.9322183046875001
5 0.5519922046875 0.6176348093749999 0.5975415609375 0.4349463171875 0.5096085109375 0.41302214531250003 0.46405915468750003 0.5957106375000001 0.5519922046875 0.6176348093749999
5 1 0.10935718750000001 0.980273584375 0.1044388390625 0.9604284281250001 0.18403340937499998 1 0.1938997109375 1 0.10935718750000001
6 0.4169309421875 0 0.4017605296875 0.06084519687499999 0.6034001109375 0.11111959062500001 0.6270252953125001 0.0163641484375 0.5613922812500001 0 0.4169309421875 0
6 0.7127575703125 0.1536836390625 0.7399737828124999 0.04452536875 0.601251815625 0.0099380984375 0.574035603125 0.11909636718750001 0.7127575703125 0.1536836390625
6 0.567453153125 0.1971667015625 0.5982603937500001 0.0736056046875 0.4064753796875 0.025788229687500004 0.3756681375 0.1493493265625 0.567453153125 0.1971667015625
6 0.7210527109375 0.9858789218749999 0.7442998921874999 0.8926395656249999 0.5813205328125 0.8520042484375001 0.55807335 0.945243603125 0.7210527109375 0.9858789218749999
6 0.8592051390625001 0.7191917703125 0.8949264187500001 0.5759215421875 0.7023833609375 0.527915165625 0.6666620812499999 0.67118539375 0.8592051390625001 0.7191917703125
6 0.6442177703125 0.8354796140625 0.6797500484375 0.6929674296874999 0.487206990625 0.6449610531250001 0.4516747109375 0.7874732390625 0.6442177703125 0.8354796140625
6 0.50755648125 0.763563284375 0.543088759375 0.6210510984375001 0.44075288125 0.5955359 0.40522060312499997 0.738048084375 0.50755648125 0.763563284375
6 0.41812160625 0.7638093390625 0.4538428859375 0.6205391109375 0.26129982812499997 0.572532734375 0.2255785484375 0.7158029625 0.41812160625 0.7638093390625
6 0.4675039703125 0.6497105421875 0.4952871890625 0.5382781421875 0.3148728265625 0.49329578906249993 0.287089609375 0.6047281890625 0.4675039703125 0.6497105421875
6 0.312891615625 0.6562506984375001 0.3484238953125 0.5137385140624999 0.1498164875 0.4642201265625 0.11428420937499999 0.6067323109375 0.312891615625 0.6562506984375001
6 0.425140653125 0.47730963437499996 0.460861934375 0.33403940625 0.2402712640625 0.279039975 0.204549984375 0.422310203125 0.425140653125 0.47730963437499996
6 0.5366968515625 0.40125718906249996 0.5722291296875001 0.258745003125 0.37968607187500003 0.21073862812500002 0.34415379375 0.3532508125 0.5366968515625 0.40125718906249996
6 0.816132184375 0.3235827 0.8456164156250001 0.20532790781250002 0.600010309375 0.144091428125 0.5705260796875 0.2623462203125 0.816132184375 0.3235827