4 0 0.4561220046875 0.1324605546875 0.42796664531250006 0.1051721453125 0.2995847734375 0 0.321939803125 0 0.4561220046875
7 0.0714552203125 0.527992421875 0.1130375578125 0.7236219421875 0.317073034375 0.6802528624999999 0.275490696875 0.4846233421875 0.0714552203125 0.527992421875
6 0.230093175 0.748260625 0.2629042375 0.90262454375 0.416503978125 0.8699759109375 0.383692915625 0.7156119921874999 0.230093175 0.748260625
6 0.109121925 0.3858039125 0.1433948671875 0.54704543125 0.2962304296875 0.5145592296875 0.26195748750000003 0.3533177109375 0.109121925 0.3858039125
1 0.2683923140625 0.2896510671875 0.307213325 0.47228956406249994 0.506663734375 0.42989507031249996 0.46784272343750005 0.2472565734375 0.2683923140625 0.2896510671875
1 0.1045744609375 0.19907516249999999 0.140146853125 0.366430103125 0.2945107703125 0.33361904062500003 0.2589383796875 0.1662640984375 0.1045744609375 0.19907516249999999
1 0.26929005 0.1097519390625 0.254671259375 0.0409759359375 0.046050715625 0.0853196015625 0.060669506250000005 0.1540956046875 0.26929005 0.1097519390625
1 0.44744788281250003 0 0.32650397343750004 0.025707421875000004 0.35525426250000003 0.16096689375 0.560053915625 0.11743538437500001 0.5350922546875 0 0.44744788281250003 0
6 0.68655309375 0.073774378125 0.7274857078125 0.26634718749999997 0.9452763843750001 0.22005435 0.9043437703125001 0.027481540625000002 0.68655309375 0.073774378125
6 0.64531335 0 0.6697336609375 0.11488852812499999 0.857721403125 0.0749305 0.8417944328125 0 0.64531335 0
3 0.8143539656250001 0.430785890625 0.9885865078125 0.393751621875 0.9463544453124999 0.19506538906249998 0.7721219031250001 0.232099659375 0.8143539656250001 0.430785890625