6 0.518138984375 0 0.5257693578125 0.043274003125 0.6927250468749999 0.0138352109375 0.6902855265625 0 0.518138984375 0
3 0.8667971171875 0.8795729140624999 0.8369513375000001 0.7103090812499999 0.6653793609374999 0.74056185 0.6952251421875 0.9098256828125001 0.8667971171875 0.8795729140624999
4 0.40202479375 0.4617445296875 0.37801250625 0.32556408281250004 0.23490762968749998 0.3507973328125 0.25891991718749996 0.4869777796875 0.40202479375 0.4617445296875
6 0.354327409375 0.11475555156249999 0.33777656718750004 0.020891062499999998 0.1523557328125 0.0535857578125 0.168906575 0.147450246875 0.354327409375 0.11475555156249999
1 0.42545595468749997 0.221208975 0.3980521015625 0.06579400156250001 0.2272495078125 0.0959111078125 0.2546533609375 0.25132608125 0.42545595468749997 0.221208975
1 0 0.26370295625 0.1621511328125 0.23511133593750003 0.1308130625 0.0573843125 0 0.080450184375 0 0.26370295625
1 0.20208805624999998 0.4121154515625 0.17495552812499998 0.258239240625 0.006461078125 0.287949359375 0.0335936046875 0.4418255703125 0.20208805624999998 0.4121154515625
1 0.6425673765625 0.7596569578125 0.6120432828125 0.5865462203125 0.4373937828125 0.6173416390625001 0.4679178765625 0.7904523765625 0.6425673765625 0.7596569578125
1 0.42126259218750006 0.7598071625 0.388839221875 0.5759250890625001 0.2211141515625 0.6054995453124999 0.253537521875 0.7893816171875 0.42126259218750006 0.7598071625
1 0.3412732578125 0.5851055546875 0.3073575984375 0.3927602890625 0.13116933749999998 0.423827034375 0.165084996875 0.6161722984375 0.3412732578125 0.5851055546875
1 0.5897425015625 0.509561640625 0.559761059375 0.3395284265625 0.3620301265625 0.374393725 0.3920115703125 0.5444269390625001 0.5897425015625 0.509561640625
1 0.9327540624999999 0.749740921875 0.9049432218750001 0.5920178046875 0.727985578125 0.6232202109375 0.7557964187499999 0.780943328125 0.9327540624999999 0.749740921875
1 1 0.46260784062500004 0.891834175 0.48168039374999994 0.9181527265625 0.63094031875 1 0.6165084359375 1 0.46260784062500004
1 0.77992865625 0 0.7853629375 0.0308193375 0.9207740031249999 0.006942712500000001 0.919549815625 0 0.77992865625 0
1 0.762061803125 0.3125836703125 0.7299097578125 0.130240359375 0.5421807796875 0.16334204375 0.574332825 0.3456853546875 0.762061803125 0.3125836703125