4 0.165393690625 0.9429924984375001 0.2956653734375 0.9589878484375 0.31223198750000003 0.82406360625 0.1819603046875 0.8080682546875 0.165393690625 0.9429924984375001
7 0.38694682187499996 0.914310490625 0.5854560515625 0.9386843593749999 0.610877234375 0.7316454359375 0.4123680046875 0.7072715671875 0.38694682187499996 0.914310490625
6 0.646861965625 0.8360276703125 0.8034981546875001 0.8552601765625001 0.8226354499999999 0.6993994140625001 0.6659992609375001 0.6801669078125 0.646861965625 0.8360276703125
6 0.264768025 0.832403871875 0.42838305468750004 0.852493271875 0.4474251390625 0.6974079343749999 0.283810109375 0.6773185359375 0.264768025 0.832403871875
1 0.2257070890625 0.6505064546875 0.411034065625 0.673261746875 0.4358839875 0.4708753828125 0.250557009375 0.4481200921875 0.2257070890625 0.6505064546875
1 0.0867320140625 0.7759106484375 0.25655045625 0.7967617312499999 0.2757829625 0.6401255406249999 0.10596451874999999 0.6192744578125 0.0867320140625 0.7759106484375
1 0 0.7991073281250001 0.0299089515625 0.8027796859375 0.055901396874999995 0.591088203125 0 0.5842243734375 0 0.7991073281250001
1 0 0.510235371875 0.1323132984375 0.5264814015625 0.1578296921875 0.31866705156249997 0.020579168749999998 0.30181480625 0 0.46941868593749997 0 0.510235371875
6 0.180427628125 0 0.157731503125 0.184845096875 0.35313902656249996 0.2088381234375 0.378781125 0 0.180427628125 0
6 0.2145515890625 0.0233786765625 0.057139971874999994 0.0040509609375 0.0337182078125 0.1948059234375 0.1911298234375 0.214133640625 0.2145515890625 0.0233786765625
3 0.354380496875 0 0.335289478125 0.155483865625 0.536900415625 0.1802385765625 0.5586083921875 0.0034412921875 0.530581315625 0 0.354380496875 0