3 0.947450465625 0.142459 0.9537062484375 0.0230915640625 0.8195154046875001 0.0160589203125 0.8132596218750001 0.13542635625 0.947450465625 0.142459
6 0.109047221875 0.10790801406249999 0.020106778125 0.1032468421875 0.010252899999999999 0.291270059375 0.0991933421875 0.29593123125 0.109047221875 0.10790801406249999
6 0.765157134375 0.784579759375 0.75534414375 0.971822796875 0.9527295125 0.982167325 0.962542503125 0.7949242875 0.765157134375 0.784579759375
6 0.266303159375 0.6152709765625 0.25620395625 0.8079752703124999 0.4184812546875 0.8164798624999999 0.428580459375 0.6237755703125 0.266303159375 0.6152709765625
6 0 0.76951388125 0.0382819640625 0.7715201546875 0.048013181249999995 0.585837475 0 0.583321209375 0 0.76951388125
6 0 0.8892091687500001 0.018763134375 0.890192503125 0.0272677265625 0.7279152046874999 0 0.7264861640625 0 0.8892091687500001
6 0.07711303281250001 0.89637978125 0.07281984999999999 0.9782986093750001 0.2444593 0.987293853125 0.24875248437500003 0.9053750234375 0.07711303281250001 0.89637978125
6 0.1102706125 0.621957778125 0.10111182031249999 0.7967179468750001 0.2704107328125 0.805590528125 0.279569525 0.630830359375 0.1102706125 0.621957778125
6 0 0.597403009375 0.055079 0.6002895781250001 0.06284761875 0.45205550624999996 0.00199363125 0.4488662828125 0 0.4869070328125 0 0.597403009375
6 1 0.15068926093749999 0.9206381562500001 0.14653008125 0.9122562249999999 0.30646684375 1 0.3110653 1 0.15068926093749999
6 1 0.0255177171875 0.9622882203125 0.0235413265625 0.9558688875 0.1460294796875 1 0.14834229375000002 1 0.0255177171875
6 0.86730415 1 0.8683065953125 0.9808721968749999 0.682623915625 0.9711409796874999 0.681111478125 1 0.86730415 1