3 0.5322746484375 1 0.5404813046875 0.9331621546875001 0.372989140625 0.912596703125 0.363848940625 0.9870376640625 0.46941869531249997 1 0.5322746484375 1
3 0.44982112812499997 0.7740524796875 0.2800026859375 0.753201396875 0.259437234375 0.920693559375 0.4292556765625 0.9415446421875 0.44982112812499997 0.7740524796875
6 0.5305125359375 0.45022250937499997 0.4010162796875 0.4343223671875 0.38359277187499996 0.57622545 0.513089028125 0.5921255921874999 0.5305125359375 0.45022250937499997
6 0.59686458125 0.704737153125 0.45573692499999996 0.6874088546875 0.4376469453125 0.834739925 0.5787746015625 0.852068221875 0.59686458125 0.704737153125
6 0.6747428359375001 1 0.689402471875 0.880606840625 0.5374188421875 0.8619455968749999 0.5212330703125 0.9937681328125001 0.5719875546875001 1 0.6747428359375001 1
6 0.5587517796875 0.33562229375 0.39978931093750003 0.3161041578125 0.384650853125 0.43939700000000004 0.543613321875 0.4589151359375 0.5587517796875 0.33562229375
6 0.2281903484375 0.3674492234375 0.0754312921875 0.34869276875 0.054865840624999995 0.5161849328125 0.207624896875 0.5349413859375 0.2281903484375 0.3674492234375
3 0.44625696093749995 0.16202490625 0.29349790468750003 0.1432684515625 0.278359446875 0.2665612953125 0.431118503125 0.2853177484375 0.44625696093749995 0.16202490625
3 0.3994526765625 0.4726991171875 0.25754959374999997 0.455275609375 0.2411734 0.5886489984375001 0.3830764828125 0.6060725062500001 0.3994526765625 0.4726991171875
3 0.5809447421875 0.558740021875 0.4413679390625 0.5416021453125001 0.4243252734375 0.680403521875 0.5639020765625 0.6975413984375 0.5809447421875 0.558740021875
3 0 0.9423626328125 0.0971021625 0.954285278125 0.10490941718749999 0.890700290625 0 0.877819034375 0 0.9423626328125