6 0.6741547156250001 0.2276667953125 0.51412345625 0.1994489671875 0.48522731406249997 0.3633271328125 0.6452585734375 0.3915449609375 0.6741547156250001 0.2276667953125
6 0.1876425609375 0.5258397640625 0.0376132546875 0.49938554999999996 0.0098024140625 0.657108665625 0.15983172031249998 0.6835628812500001 0.1876425609375 0.5258397640625
6 0.4617848828125 0.041872782812499995 0.29482919375 0.012433990625 0.26661136406249997 0.17246525 0.4335670546875 0.20190404218750002 0.4617848828125 0.041872782812499995
6 0.510999265625 1 0.5391943234375 0.8400978734375 0.350695965625 0.8068605265625 0.320850184375 0.9761243593750001 0.4562556703125 1 0.510999265625 1
6 0 0.919549815625 0.143123159375 0.944786290625 0.1463790640625 0.9263211453125001 0 0.9005105671875 0 0.919549815625
6 1 0.28829531875000003 0.8667267109375001 0.2647956421875 0.83810189375 0.42713504531249996 0.9912087250000001 0.45413191093750005 1 0.4042741109375 1 0.28829531875000003
6 0.8350004359375 0.57969546875 0.65804279375 0.5484930609374999 0.6299606265625 0.707754940625 0.8069182703125 0.738957346875 0.8350004359375 0.57969546875
6 0.6911022453125 0.707429628125 0.510297696875 0.675548909375 0.480044928125 0.847120884375 0.6608494765625 0.8790016046875 0.6911022453125 0.707429628125
3 0.6023497359375 0.351453590625 0.433085903125 0.3216078109375 0.405953375 0.475484021875 0.5752172078125 0.505329803125 0.6023497359375 0.351453590625
6 0.5150106859375 0.72080485 0.37498333437500003 0.69611425 0.35192068593750003 0.8269090296874999 0.4919480375 0.8515996296875 0.5150106859375 0.72080485
6 0.919549815625 1 0.926336171875 0.9615126640625 0.8532449703125 0.9486247125 0.8441861218750001 1 0.919549815625 1