6 0.0595411 0.218051240625 0.004861929687500001 0.2170968109375 0.0019032015625 0.386602240625 0.056582371875 0.3875566703125 0.0595411 0.218051240625
3 0.9425872796875 0.2123679046875 0.7707384578124999 0.20936827343750003 0.767697921875 0.3835604890625 0.93954674375 0.38656012031250003 0.9425872796875 0.2123679046875
4 0.4437528390625 0.5888756374999999 0.30549265000000003 0.586462296875 0.302956596875 0.731752665625 0.4412167875 0.73416600625 0.4437528390625 0.5888756374999999
6 0 0.7561565609375 0.090751975 0.7577406421874999 0.0940379359375 0.56948806875 0 0.5678466296875 0 0.7561565609375
1 0.212107478125 0.519978625 0.0543190125 0.5172244171875 0.0512921109375 0.6906355015625001 0.209080575 0.6933897109375 0.212107478125 0.519978625
1 0 0.9491547062500001 0.1725274859375 0.952166184375 0.175513484375 0.7810984921874999 0 0.7780348921875 0 0.9491547062500001
1 0.35688586093749997 0.7756693 0.2006596578125 0.7729423609375 0.1976736609375 0.944010053125 0.3538998625 0.9467369906249999 0.35688586093749997 0.7756693
1 0.782089465625 0.409596871875 0.6063349875 0.406529065625 0.6032399125000001 0.5838458046875 0.7789943906250001 0.5869136109374999 0.782089465625 0.409596871875
1 0.7400099671875 0.6268643234375 0.5533196546875 0.62360563125 0.5503472921875 0.7938921921875 0.7370376046875 0.7971508843749999 0.7400099671875 0.6268643234375
1 0.5532554359375 0.6720493890625 0.3579726828125 0.6686407156249999 0.3548503375 0.8475197187499999 0.5501330906249999 0.8509283906249999 0.5532554359375 0.6720493890625
1 0.52650964375 0.4137307671875 0.3538796890625 0.4107175015625 0.3503755734375 0.6114681703125 0.5230055265625 0.6144814375000001 0.52650964375 0.4137307671875
1 0.8277258453125 0.1228496625 0.6675939875 0.1200545515625 0.6644580078125 0.2997146828125 0.824589865625 0.3025097953125 0.8277258453125 0.1228496625
1 0.708321878125 0.11451450625 0.7102580046875 0.0035939031250000002 0.5587185875 0.0009487734375 0.5567824609375001 0.1118693765625 0.708321878125 0.11451450625
1 0.008651368750000001 0 0.00640265 0.1288290078125 0.0938893234375 0.1303560921875 0.0961646984375 0 0.008651368750000001 0
1 0.3660307859375 0.2069922890625 0.1809027359375 0.203760865625 0.1775758703125 0.3943568328125 0.3627039203125 0.3975882546875 0.3660307859375 0.2069922890625