3 0.1519199125 1 0.145066590625 0.9347949968749999 0.044060460937500004 0.94541116875 0.049797978124999996 1 0.1519199125 1
6 0.308095165625 0.7369827328125 0.1495932390625 0.7536419578125 0.1638025765625 0.8888347781249999 0.3223045046875 0.8721755531250001 0.308095165625 0.7369827328125
4 0.8774488984375 0.4289063890625 0.9939944328125 0.416656959375 0.9789684671875 0.2736944359375 0.86242293125 0.285943865625 0.8774488984375 0.4289063890625
6 0.526203890625 1 0.5608109046875 0.99636265625 0.542273434375 0.8199904140625 0.325498740625 0.8427743515625 0.34202382187499997 1 0.526203890625 1
6 0.918698478125 0.238394740625 0.974640334375 0.2325150140625 0.9577361218749999 0.0716821765625 0.901794265625 0.077561903125 0.918698478125 0.238394740625
6 0.8714011546875 0.40126211093749997 0.729992571875 0.41612475312499997 0.7472234359375001 0.580065471875 0.8886320187500001 0.5652028296875 0.8714011546875 0.40126211093749997
6 0.6145086546875 0.4384747953125 0.43114368125 0.45774722968750003 0.4521310359375 0.6574285796875 0.6354960109375 0.6381561437500001 0.6145086546875 0.4384747953125
6 0.48484332812500003 0.4081121828125 0.2937086515625 0.42820124687499994 0.3135527265625 0.6170050125000001 0.5046874031249999 0.5969159484375 0.48484332812500003 0.4081121828125
6 0.1525239421875 0.5797266390625 0.007230509374999999 0.5949975937499999 0.022583128124999997 0.7410679984375 0.1678765609375 0.7257970421875 0.1525239421875 0.5797266390625
6 0 0.42156732343750003 0.00430706875 0.46254634531249994 0.2296284359375 0.43886411562500005 0.20839609218750002 0.23685185468749997 0 0.2587551671875 0 0.42156732343750003
6 0.2625110921875 0.14632437812500002 0.24960835937499998 0.0235630828125 0.075567028125 0.0418555625 0.088469759375 0.16461685937499998 0.2625110921875 0.14632437812500002
6 0 0.2037664328125 0.0550553484375 0.1979798828125 0.0390494265625 0.045693717187499996 0 0.049797978124999996 0 0.2037664328125
3 0 0.5262038953125 0.0104970234375 0.626076403125 0.0672158515625 0.6201150140625 0.050229975 0.45850520625 0 0.4637845890625 0 0.5262038953125
3 0.21229417499999997 1 0.273009959375 0.9936185140625 0.2542275015625 0.8149153609375 0.061538884375000005 0.8351677499999999 0.07886345156249999 1 0.21229417499999997 1
3 0.0933643890625 0.7642651671875 0.025767979687499998 0.7713698359375 0.041283923437499995 0.9189941812500001 0.10888033281250001 0.9118895109375 0.0933643890625 0.7642651671875