3 1 0.73456373125 0.9134319124999999 0.7451929546875 0.92980810625 0.87856634375 1 0.8699478640624999 1 0.73456373125
6 0.622793109375 0 0.6313691593749999 0.0698463265625 0.8182469906250001 0.0469006140625 0.81248831875 0 0.622793109375 0
6 0.2890497796875 1 0.2657877 0.810545559375 0.079685296875 0.8333960609375 0.10014168906250001 1 0.2890497796875 1
6 0.3458992171875 0.289870134375 0.1543688265625 0.313387109375 0.1741725953125 0.474675859375 0.3657029859375 0.451158884375 0.3458992171875 0.289870134375
6 0.3369799015625 0.0697853984375 0.33050559218750003 0.017056384375 0.14595404218750002 0.0397164640625 0.1524283515625 0.0924454796875 0.3369799015625 0.0697853984375
6 0.19345824218750002 0.0740266515625 0.1886025109375 0.034479890624999995 0.027313760937499997 0.054283659375 0.032169492187499996 0.0938304203125 0.19345824218750002 0.0740266515625
6 0 0.3299798671875 0.057154860937499996 0.32296213281249997 0.0362085671875 0.1523682625 0 0.156814115625 0 0.3299798671875
6 0.3122192359375 0.1373692234375 0.138523659375 0.15869635937499998 0.159184321875 0.3269639484375 0.3328798984375 0.3056368140625 0.3122192359375 0.1373692234375
6 0.4713053953125 0.061163471875 0.46387898281249995 0.000680190625 0.31654791250000003 0.018770171874999998 0.3239743265625 0.079253453125 0.4713053953125 0.061163471875
6 0.7621804953125 0.872386446875 0.774177009375 0.9700902093750001 0.933139478125 0.950572071875 0.9211429656250001 0.8528683109375 0.7621804953125 0.872386446875
6 1 0.8786061500000001 0.9277537140625001 0.8874768796874999 0.935465759375 0.950286440625 1 0.9423626328125 1 0.8786061500000001
6 0.0677290203125 0.7616622203125 0.028957685937499998 0.7664227421875001 0.0516177671875 0.9509742921875001 0.09038910156249999 0.9462137703125 0.0677290203125 0.7616622203125