0 0.276891053125 0.6958373828125 0.11482687656249999 0.7157363625000001 0.133107278125 0.8646182843749999 0.2951714546875 0.84471930625 0.276891053125 0.6958373828125
0 0.8214349734375 0.45108734375 0.6671250640624999 0.47003421718749994 0.6849294140625 0.6150390078125 0.8392393234375 0.5960921328125 0.8214349734375 0.45108734375
0 0.6993926187499999 0.5148735171875 0.5458581359375 0.53372518125 0.563662484375 0.6787299703125 0.7171969671875 0.65987830625 0.6993926187499999 0.5148735171875
0 0.5769959140625 0.60782653125 0.5010041000000001 0.617157153125 0.5082400921875 0.6760895796875 0.58423190625 0.666758959375 0.5769959140625 0.60782653125
0 0.431168665625 0.29199423593749996 0.286939303125 0.309703375 0.30950417343750003 0.49347949843750005 0.4537335359375 0.47577035937499995 0.431168665625 0.29199423593749996
0 1 0.475602221875 0.8549677499999999 0.49340994218749995 0.8749619390625 0.6562495453125 1 0.6408968015625 1 0.475602221875
0 0.14218670312499998 0.611626015625 0.0119150203125 0.627621365625 0.032099631249999996 0.792011821875 0.1623713125 0.776016471875 0.14218670312499998 0.611626015625
0 0.40336806249999996 0.642526340625 0.249833578125 0.6613780046875 0.271636765625 0.8389507140625 0.4251712484375 0.8200990499999999 0.40336806249999996 0.642526340625
0 1 0.5991795984375 0.8420004265625 0.61857950625 0.8801798062499999 0.9295256046875 1 0.9148135359375 1 0.5991795984375
0 0.8323017140625 0.5780531546875001 0.639995896875 0.601665340625 0.6693207078125 0.8404967578125 0.8616265234375 0.816884571875 0.8323017140625 0.5780531546875001
0 0.6949225390625 0.8759219843749999 0.7074903140625 0.97827830625 0.861024796875 0.9594266421875 0.8484570218749999 0.8570703203125 0.6949225390625 0.8759219843749999
0 0.7154272140625 0.715980915625 0.56189273125 0.7348325796874999 0.57941145 0.8775110890625 0.7329459328125 0.8586594249999999 0.7154272140625 0.715980915625
0 0.1891706421875 0.795552321875 0.0348607328125 0.814499196875 0.0526650828125 0.9595039859375 0.2069749921875 0.9405571109374999 0.1891706421875 0.795552321875
0 0.3034979765625 0.8035539671875 0.160044040625 0.821167896875 0.177848390625 0.9661726859374999 0.3213023265625 0.9485587578124999 0.3034979765625 0.8035539671875