3 0.1336620453125 0.0718400796875 0.029229559375000002 0.0645374484375 0.016640695312500002 0.2445665859375 0.12107318125 0.2518692171875 0.1336620453125 0.0718400796875
6 0.1825424265625 0 0.178940390625 0.05151151875 0.314546753125 0.060994039062500005 0.31881187187500004 0 0.1825424265625 0
4 0.3534507359375 0.691806971875 0.342714778125 0.8453383140625 0.47832114062500003 0.854820834375 0.48905709843749995 0.7012894921874999 0.3534507359375 0.691806971875
6 0.3335524484375 0.5619776796875 0.3193286671875 0.765387225 0.5352077625 0.7804829625 0.5494315421875 0.5770734171874999 0.3335524484375 0.5619776796875
6 0.47568318437499996 0.8029479609375001 0.4649472265625 0.956479303125 0.6738122 0.9710845640624999 0.68454815625 0.817553221875 0.47568318437499996 0.8029479609375001
6 0.557519225 0.5510116 0.5436224265625 0.7497450625 0.7306656859375 0.7628244015625001 0.744562484375 0.5640909390625 0.557519225 0.5510116
6 0.040119053125 0.20000204687499998 0.0289471171875 0.3597681640625 0.19105127500000002 0.371103590625 0.2022232109375 0.21133747343749998 0.040119053125 0.20000204687499998
6 0.34173662656250003 0.04175008125 0.3302922046875 0.2054129328125 0.476809425 0.21565841562500002 0.488253846875 0.0519955640625 0.34173662656250003 0.04175008125
6 0.470711075 0.2692698609375 0.457795228125 0.45397507968750006 0.658087384375 0.46798087187500004 0.67100323125 0.28327565312499997 0.470711075 0.2692698609375
6 0.81316565 0.21020189843749998 0.8263539828124999 0.0215999453125 0.623723784375 0.0074306609375 0.6105354515625 0.1960326140625 0.81316565 0.21020189843749998
6 1 0.0337424578125 0.91052345 0.027485646875000002 0.9053462109374999 0.101523603125 1 0.10814244218749999 1 0.0337424578125
6 0.9662575421874999 1 0.9757841875000001 0.863762634375 0.8518680281250001 0.8550975734374999 0.8417354625 1 0.9662575421874999 1
6 0.88089335 1 0.8828787765625 0.971607084375 0.7285680875 0.9608166296875 0.72582811875 1 0.88089335 1
6 0.7708255421875 0.44610429687500003 0.7603075734375 0.5965182515625 0.9379986703125001 0.6089436234375001 0.9485166375 0.45852966874999995 0.7708255421875 0.44610429687500003
6 1 0.1449508546875 0.8731696578125 0.1360820140625 0.860526296875 0.31689049687500004 1 0.3266434484375 1 0.1449508546875
3 0.450867284375 0.13866122187500002 0.43936836562500003 0.3031034203125 0.6014725234375 0.3144388484375 0.6129714421875 0.1499966484375 0.450867284375 0.13866122187500002
3 0.0666350828125 0 0.0568938859375 0.139305596875 0.23614367500000003 0.1518399625 0.246761359375 0 0.0666350828125 0
3 0.0704651515625 0.39321453906250003 0.05749480781250001 0.5786991046875001 0.2546695765625 0.5924869078125 0.26763992187499996 0.4070023421875 0.0704651515625 0.39321453906250003
3 0.157816459375 0.107204903125 0.1479524578125 0.24826669531249998 0.296028371875 0.258621171875 0.305892371875 0.1175593796875 0.157816459375 0.107204903125