6 0.9423626328125 1 0.95219065 0.9199572249999999 0.8870548078124999 0.9119595500000001 0.8762447999999999 1 0.9423626328125 1
6 0.09833279687499999 0.0083216859375 0.0780529765625 0.17348756875 0.2579519671875 0.1955763875 0.2782317875 0.0304105046875 0.09833279687499999 0.0083216859375
6 0.405172096875 0.1184115828125 0.38413059375 0.2897808796875 0.5578261703125 0.311108015625 0.5788676734375 0.13973871875 0.405172096875 0.1184115828125
6 0.6106386359375 0.40023986093749997 0.5910252890625001 0.5599777578125 0.7391317843749999 0.5781629484375 0.7587451328125 0.4184250515625 0.6106386359375 0.40023986093749997
6 1 0.475596521875 0.85079025 0.45727586875000004 0.8306056390625001 0.621666325 0.9864664015625 0.6408036203125 1 0.5305813109375 1 0.475596521875
6 0.8677338875 0.7616092328125 0.9700902093750001 0.774177009375 0.9915125546875 0.59970600625 0.8891562328125 0.5871382296875 0.8677338875 0.7616092328125
3 0.9297847421875 0.9101220718749999 0.95304754375 0.9129783843749999 0.9725656796875001 0.7540159156249999 0.9493028796875 0.751159603125 0.9297847421875 0.9101220718749999
6 0.6801188828125 0.6228667999999999 0.65698275 0.811295484375 0.851614846875 0.8351933 0.8747509796875 0.6467646171875 0.6801188828125 0.6228667999999999
3 0.44897202187499996 0.51813518125 0.42916825468750003 0.6794239296875 0.58890615 0.6990372781249999 0.60870991875 0.5377485281250001 0.44897202187499996 0.51813518125
3 0.24674859374999997 0.479137159375 0.2248501953125 0.6574852953125 0.3946686390625 0.678336378125 0.41656703593750005 0.49998824218750004 0.24674859374999997 0.479137159375
3 1 0.0576373671875 0.981991359375 0.055426184375 0.9662816390625 0.1833715875 1 0.18751168125 1 0.0576373671875
3 0.0576373671875 0 0.0555213953125 0.0172332140625 0.171835396875 0.031514778125 0.17570492499999998 0 0.0576373671875 0