6 0.8578125 1 0.8578125 0.87421875 0.66796875 0.87421875 0.66796875 1 0.8578125 1
6 0.94921875 0.73828125 0.79140625 0.73828125 0.79140625 0.89375 0.94921875 0.89375 0.94921875 0.73828125
6 0.64765625 0.18359375 0.43359375 0.18359375 0.43359375 0.3390625 0.64765625 0.3390625 0.64765625 0.18359375
6 0 0.396875 0.05546875 0.396875 0.05546875 0.2265625 0 0.2265625 0 0.396875
6 0 0 0 0.05859375 0.1609375 0.05859375 0.1609375 0 0 0
6 0.88125 0 0.88125 0.1015625 1 0.1015625 1 0 0.88125 0
3 0.6453125 0.02421875 0.4703125 0.02421875 0.4703125 0.19921875 0.6453125 0.19921875 0.6453125 0.02421875
3 1 0.709375 0.96875 0.709375 0.96875 0.86640625 1 0.86640625 1 0.709375
3 0.96171875 0.43125 0.8234375 0.43125 0.8234375 0.57421875 0.96171875 0.57421875 0.96171875 0.43125
3 0.60078125 0.5609375 0.43671875 0.5609375 0.43671875 0.69921875 0.60078125 0.69921875 0.60078125 0.5609375
3 0.46328125 0.81953125 0.32421875 0.81953125 0.32421875 0.95625 0.46328125 0.95625 0.46328125 0.81953125
3 0.58671875 0.37578125 0.43046875 0.37578125 0.43046875 0.5359375 0.58671875 0.5359375 0.58671875 0.37578125
6 0.78359375 0.74921875 0.63359375 0.74921875 0.63359375 0.87421875 0.78359375 0.87421875 0.78359375 0.74921875