6 1 0.6015096859375 0.9895789875000001 0.5524826765624999 0.8329225359375 0.585781034375 0.863297134375 0.7286822843749999 1 0.69962519375 1 0.6015096859375
6 0.5525521171875 1 0.6123618015625001 0.9872870593749999 0.5935198046875 0.8986424328125 0.44679766406250004 0.9298291859375001 0.46171293125 1 0.5525521171875 1
6 0.2518017890625 0.32432693125 0.1020229375 0.356163409375 0.1426306890625 0.5472078625 0.292409540625 0.5153713843750001 0.2518017890625 0.32432693125
6 0.9083334000000001 0.320556440625 0.970231803125 0.30739952812500004 0.933035103125 0.13240280937499999 0.8711366999999999 0.1455597203125 0.9083334000000001 0.320556440625
6 0.13104964531250002 1 0.1172711375 0.935177221875 0.08288313593749999 0.9424866171874999 0.0951079828125 1 0.13104964531250002 1
6 0.8433939328125 0.09394996875 0.6974359703124999 0.1249742921875 0.7234249312500001 0.2472427421875 0.8693828937499999 0.21621841874999997 0.8433939328125 0.09394996875
6 0.33911809375 0.1188706375 0.3196263734375 0.0271693 0.1140625421875 0.0708632421875 0.1335542625 0.1625645796875 0.33911809375 0.1188706375
4 1 0.8242229546875001 0.9451855296874999 0.8358741296875 0.9615910624999999 0.9130560890625 1 0.9048920171875 1 0.8242229546875001
3 0.0953031 0.6251574578125 0.018885318749999998 0.6414005578124999 0.054782571875 0.8102838546875001 0.131200353125 0.7940407546875 0.0953031 0.6251574578125
3 0.74097154375 0.2283377265625 0.580494203125 0.2624482375 0.610056646875 0.40152859999999996 0.7705339875 0.3674180890625 0.74097154375 0.2283377265625
3 0.6980613171875001 0.7366483203125 0.5215362421874999 0.7741698828125 0.5572710640625 0.9422890015625001 0.7337961390625 0.9047674390625 0.6980613171875001 0.7366483203125
3 0.885286696875 0.2008574078125 0.73856455625 0.2320441609375 0.7691015859375 0.375709590625 0.9158237265625001 0.3445228375 0.885286696875 0.2008574078125
3 0.88280165 0.3507431921875 0.742957109375 0.3804680671875 0.77057038125 0.5103782953125 0.9104149203125 0.48065342031249997 0.88280165 0.3507431921875
3 0.7073944875 0.5701315546875 0.547681325 0.604079634375 0.5852028875 0.780604709375 0.7449160499999999 0.7466566296875 0.7073944875 0.5701315546875