1 0.800534503125 1 0.8049629125 0.9493830578125 0.6267374546875 0.93379035 0.6209448609375 1 0.800534503125 1
1 0.1963696140625 0.026422262499999998 0.0407141921875 0.0128041765625 0.024440581250000003 0.19881240625000002 0.18009600312500001 0.212430490625 0.1963696140625 0.026422262499999998
1 0.436304240625 0 0.432323759375 0.04549710625 0.5809746859375 0.0585023765625 0.5856048359375 0.0055795343749999995 0.5218304703125 0 0.436304240625 0
1 0.2676938765625 0 0.2605002125 0.0822239546875 0.4270515140625 0.0967953046875 0.43552000625 0 0.2676938765625 0
1 0.334202278125 0.0196594359375 0.3211289171875 0.169088640625 0.5195895796875 0.1864516984375 0.5326629406250001 0.03702249375 0.334202278125 0.0196594359375
1 0.7160258749999999 0.128351159375 0.6974371890625 0.340820809375 0.8305225734375 0.352464271875 0.849111259375 0.139994621875 0.7160258749999999 0.128351159375
1 1 0.4402254109375 0.8607691890625 0.42804429375 0.84953426875 0.556460015625 0.9958503656250001 0.569261015625 1 0.5218304734375 1 0.4402254109375
1 0.49960451250000004 0.8003271156249999 0.483398990625 0.98555706875 0.6336064734375 0.9986985203125001 0.64981199375 0.81346856875 0.49960451250000004 0.8003271156249999
1 0.1110985296875 0.7859431031249999 0.10074878437499998 0.9042412234375 0.306213940625 0.9222170953125 0.3165636859375 0.803918975 0.1110985296875 0.7859431031249999
1 0.157965203125 0.339892946875 0.013205660937499999 0.327228128125 0.0036730015625 0.4361869234375 0.14843254374999998 0.44885174218749996 0.157965203125 0.339892946875
1 0.0451654734375 0.4907922703125 0.0282790484375 0.68380499375 0.244640084375 0.70273413125 0.261526509375 0.509721409375 0.0451654734375 0.4907922703125