0 0.198672353125 0.235447959375 0.0383910390625 0.266603490625 0.0670123890625 0.41384756874999995 0.22729370312500002 0.38269203749999997 0.198672353125 0.235447959375
0 0.7929416671875 0.303780234375 0.6403293156250001 0.3334450703125 0.6682053171875 0.47685466718749997 0.82081766875 0.44718983124999995 0.7929416671875 0.303780234375
0 0.657161478125 0.280829140625 0.505316021875 0.31034490625 0.5331920234374999 0.453754503125 0.6850374796875001 0.4242387359375 0.657161478125 0.280829140625
0 0.5285779515625 0.315373715625 0.4534221203125 0.329982528125 0.4647514046875 0.3882666421875 0.5399072359375 0.3736578296875 0.5285779515625 0.315373715625
0 0.4634853484375 0.53734088125 0.3208426484375 0.5650678124999999 0.3561721265625 0.746822221875 0.4988148265625 0.7190952890625 0.4634853484375 0.53734088125
0 0.83963083125 0.39657645 0.9838073234375001 0.3685513796875 0.9525027234375001 0.20750316875000002 0.80832623125 0.23552824062500002 0.83963083125 0.39657645
0 0 0.5287451265625001 0.125204996875 0.5044077406249999 0.09360225625 0.3418257390625 0 0.36002017343750004 0 0.5287451265625001
0 0.3299175828125 0.21869106718750003 0.1780721265625 0.248206834375 0.21220904843750002 0.42382607187500004 0.3640545046875 0.39431030625 0.3299175828125 0.21869106718750003
0 0.733892771875 0 0.7886186515625 0.28154024375 0.9604034078125 0.24814867031249999 0.91216819375 0 0.733892771875 0
0 0.74600454375 0.0868761203125 0.5558142765625 0.12384536406249999 0.6017276921875 0.3600494046875 0.7919179578125 0.3230801625 0.74600454375 0.0868761203125
0 0.5532297328125 0 0.5692160687500001 0.0822425703125 0.7210615234375 0.0527268046875 0.7108124703125 0 0.5532297328125 0
0 0.6107128890625 0.0869103640625 0.458867434375 0.11642613125000001 0.48629622812499995 0.2575350390625 0.6381416828125 0.22801927187499998 0.6107128890625 0.0869103640625
0 0 0.3369398734375 0.11305302343750001 0.3149645921875 0.08517702187500001 0.1715549953125 0 0.18811173125 0 0.3369398734375
0 0.191436134375 0.12861588906250002 0.0495603296875 0.15619375156249998 0.07743633125 0.2996033484375 0.2193121359375 0.2720254859375 0.191436134375 0.12861588906250002