6 0.9535072906250001 0.1389330453125 0.9622909546875 0.0385352984375 0.8004093171875001 0.024372490625 0.7916256515625 0.1247702375 0.9535072906250001 0.1389330453125
6 0.8079299578124999 0.0728687515625 0.8120834734375 0.025393846874999997 0.650201834375 0.0112310390625 0.64604831875 0.058705942187500006 0.8079299578124999 0.0728687515625
6 0.604475940625 1 0.6171345875 0.8553110171875 0.456031225 0.8412162999999999 0.44254932187499996 0.9953151671875 0.4960972078125 1 0.604475940625 1
6 0.9789597046875 0.3858409296875 0.8279739453125 0.3726313875 0.811700334375 0.558639615625 0.96268609375 0.5718491578125 0.9789597046875 0.3858409296875
6 0.6859189703124999 0.3649085921875 0.4897931390625 0.3477498046875 0.47644741562500004 0.50029211875 0.6725732468750001 0.5174509046875 0.6859189703124999 0.3649085921875
6 0.68672370625 0.12265061562499999 0.5178375734375 0.1078749921875 0.5044237593750001 0.2611955828125 0.6733098921875 0.27597120468749997 0.68672370625 0.12265061562499999
6 0.4951218078125 0 0.48694956874999995 0.09340912968750001 0.6511660390625 0.1077762078125 0.6595411609374999 0.012048123437499999 0.5218304671875 0 0.4951218078125 0
6 0.59268976875 0.238332721875 0.4261384671875 0.223761371875 0.41374601093749996 0.36540780625 0.5802973109375 0.37997915625 0.59268976875 0.238332721875
6 0.9071903609374999 1 0.9180261828124999 0.87614598125 0.7421355578125 0.8607575453124999 0.7299534203125 1 0.9071903609374999 1
6 0.3375993921875 0.1869985390625 0.1531477171875 0.17086110937500001 0.1391210890625 0.33118619374999997 0.3235727640625 0.3473236234375 0.3375993921875 0.1869985390625
6 0.49831255625 0.10695100937499999 0.3294264234375 0.0921753875 0.316284971875 0.24238286874999998 0.485171103125 0.257158490625 0.49831255625 0.10695100937499999