6 0.58359375 0 0.58359375 0.171875 0.74453125 0.171875 0.74453125 0 0.58359375 0
6 1 0.05 0.9046875 0.05 0.9046875 0.2125 1 0.2125 1 0.05
6 0 0 0 0.04765625 0.109375 0.04765625 0.109375 0 0 0
6 0.578125 0.625 0.7390625 0.625 0.7390625 0.46796875 0.578125 0.46796875 0.578125 0.625
6 0.61953125 0.39453125 0.75078125 0.39453125 0.75078125 0.2328125 0.61953125 0.2328125 0.61953125 0.39453125
6 0.76171875 0 0.76171875 0.1078125 0.8875 0.1078125 0.8875 0 0.76171875 0
3 0.29609375 0.8796875 0.446875 0.8796875 0.446875 0.71328125 0.29609375 0.71328125 0.29609375 0.8796875
3 0.271875 0.6296875 0.4515625 0.6296875 0.4515625 0.44765625 0.271875 0.44765625 0.271875 0.6296875
3 0.1796875 0 0.1796875 0.1796875 0.34453125 0.1796875 0.34453125 0 0.1796875 0
3 0.45078125 0.85078125 0.6265625 0.85078125 0.6265625 0.690625 0.45078125 0.690625 0.45078125 0.85078125
6 0.8125 0.64921875 0.95078125 0.64921875 0.95078125 0.48125 0.8125 0.48125 0.8125 0.64921875
6 0.16484375 0.97109375 0.29375 0.97109375 0.29375 0.8578125 0.16484375 0.8578125 0.16484375 0.97109375