6 0.8762447999999999 0 0.8870548078124999 0.08804045 0.95219065 0.080042775 0.9423626328125 0 0.8762447999999999 0
6 0.2782317875 0.9695894953125 0.2579519671875 0.8044236124999999 0.0780529765625 0.82651243125 0.09833279687499999 0.9916783140625001 0.2782317875 0.9695894953125
6 0.5788676734375 0.86026128125 0.5578261703125 0.688891984375 0.38413059375 0.7102191203125 0.405172096875 0.8815884171875 0.5788676734375 0.86026128125
6 0.7587451328125 0.5815749484375 0.7391317843749999 0.42183705156249995 0.5910252890625001 0.4400222421875 0.6106386359375 0.5997601390625 0.7587451328125 0.5815749484375
6 1 0.46941868906249995 0.9864664015625 0.3591963796875 0.8306056390625001 0.37833367500000004 0.85079025 0.54272413125 1 0.524403478125 1 0.46941868906249995
6 0.8891562328125 0.41286177031250004 0.9915125546875 0.40029399374999997 0.9700902093750001 0.225822990625 0.8677338875 0.2383907671875 0.8891562328125 0.41286177031250004
3 0.9493028796875 0.248840396875 0.9725656796875001 0.245984084375 0.95304754375 0.087021615625 0.9297847421875 0.08987792812499999 0.9493028796875 0.248840396875
6 0.8747509796875 0.3532353828125 0.851614846875 0.1648067 0.65698275 0.18870451562499999 0.6801188828125 0.3771332 0.8747509796875 0.3532353828125
3 0.60870991875 0.462251471875 0.58890615 0.300962721875 0.42916825468750003 0.3205760703125 0.44897202187499996 0.48186481875 0.60870991875 0.462251471875
3 0.41656703593750005 0.5000117578125 0.3946686390625 0.321663621875 0.2248501953125 0.3425147046875 0.24674859374999997 0.520862840625 0.41656703593750005 0.5000117578125
3 1 0.81248831875 0.9662816390625 0.8166284125000001 0.981991359375 0.944573815625 1 0.9423626328125 1 0.81248831875
3 0.17570492499999998 1 0.171835396875 0.9684852218750001 0.0555213953125 0.9827667859375 0.0576373671875 1 0.17570492499999998 1