1 0.5957798546874999 0.2520116609375 0.610156628125 0.13492223125 0.40466855781250005 0.10969146874999999 0.390291784375 0.2267808984375 0.5957798546874999 0.2520116609375
1 0.9657633656250001 0.12348705468750001 0.9742370921875001 0.054474079687499996 0.8106220625 0.03438468125 0.8021483359375001 0.10339765625 0.9657633656250001 0.12348705468750001
1 0.8665529578125 0.2647933734375 0.8889274078125 0.082568103125 0.7408209109375 0.0643829125 0.7184464609375001 0.24660818281250002 0.8665529578125 0.2647933734375
1 0.64757249375 0.362270446875 0.6634726343749999 0.2327741921875 0.4541074296875 0.20706737656250002 0.43820728906250006 0.3365636328125 0.64757249375 0.362270446875
1 0.243667425 0.1772930078125 0.262709509375 0.022207671875 0.10607332031250001 0.0029751671875 0.08703123593749999 0.158060503125 0.243667425 0.1772930078125
1 0.1679612421875 0.16563610625 0.0392404125 0.1498311765625 0.0149617546875 0.3475649796875 0.1436825828125 0.36336991093750004 0.1679612421875 0.16563610625
1 0.3383068921875 0.650163865625 0.36172865625 0.4594089015625 0.20354161406250001 0.43998597500000003 0.18011985 0.6307409390625 0.3383068921875 0.650163865625
1 0.18436904375000002 0.8461456296875 0.20864770312499997 0.6484118265625 0.02564700625 0.6259421656249999 0.001368346875 0.8236759687499999 0.18436904375000002 0.8461456296875
1 0.9211783921875 0.5186552875 0.9353647453124999 0.4031167125 0.734529234375 0.3784572125 0.72034288125 0.4939957875 0.9211783921875 0.5186552875
1 0.85867316875 0.73924455625 0.8812380390625 0.5554684328125 0.746313796875 0.53890181875 0.7237489265625 0.7226779421875 0.85867316875 0.73924455625
1 0.97223881875 0.7374463234374999 0.9874724875 0.6133780546875001 0.9091543921874999 0.6037618015625 0.8939207234375001 0.7278300703125 0.97223881875 0.7374463234374999
1 0.784939221875 1 0.7920591609375001 0.9420127546874999 0.5268632359375001 0.9094507890625 0.515745190625 1 0.784939221875 1
1 0.524403478125 1 0.532155775 0.9368626109375 0.377845865625 0.9179157359375001 0.3692769265625 0.9877041375 0.4694186875 1 0.524403478125 1
6 0.0576373671875 0 0.046857246875 0.0877970421875 0.10501424687500001 0.0949378234375 0.11667114687499999 0 0.0576373671875 0
7 0.4564466140625 0.790608328125 0.47501264687500006 0.639400125 0.357147790625 0.624928140625 0.3385817578125 0.77613634375 0.4564466140625 0.790608328125