6 0.44002909375000004 0.6503423796875001 0.29168201875 0.6451619859375 0.2882465984375 0.7435395203125 0.436593675 0.7487199140625 0.44002909375000004 0.6503423796875001
6 0.6852318265624999 0.5682248078125001 0.5579656515625 0.563780575 0.5516128515625 0.7457009375 0.678879028125 0.7501451703125 0.6852318265624999 0.5682248078125001
6 0.7562153656249999 0.41592181874999995 0.559460296875 0.40905098124999995 0.5555068375000001 0.5222632234375 0.7522619078125 0.5291340609375 0.7562153656249999 0.41592181874999995
6 0.82886205 0.46223536562499995 0.7023766484375 0.45781839687500003 0.69670548125 0.62021940625 0.8231908828125001 0.624636375 0.82886205 0.46223536562499995
6 0.921769190625 0.5999366609375001 0.7437527 0.5937201890625 0.7400991593749999 0.698343915625 0.9181156500000001 0.7045603890625001 0.921769190625 0.5999366609375001
6 1 0.21649579531250002 0.9578806640625 0.21502495625 0.9534364312499999 0.34229113125 1 0.3439171671875 1 0.21649579531250002
5 1 0.32046538125 0.9761160625 0.3196313359375 0.970962934375 0.4671976375 1 0.46821163437499996 1 0.32046538125
6 0.1012698640625 0.2327967453125 0.009138521875 0.2295794484375 0.0027311921875 0.4130613578125 0.094862534375 0.41627865625 0.1012698640625 0.2327967453125
5 0.45025604374999995 0.29032373125 0.34485154218749997 0.286642925 0.33795343906249997 0.48417876875 0.443357940625 0.487859575 0.45025604374999995 0.29032373125
5 0.6283840171875 0.71867625 0.42928662500000003 0.711723615625 0.42585120625000006 0.81010115 0.6249485984375001 0.8170537843749999 0.6283840171875 0.71867625
6 0.43826189531250004 0.0741484546875 0.28835327187500004 0.0689135296875 0.28499964843750003 0.1649487421875 0.43490827187500003 0.170183665625 0.43826189531250004 0.0741484546875
6 0.58181884375 1 0.584625940625 0.9196152703125 0.4597020859375 0.9152528343749999 0.45678470625 0.9987956609375 0.4912724625 1 0.58181884375 1
6 0.21487615781249997 0.6284087953124999 0.075117596875 0.62352831875 0.070182590625 0.7648484265625 0.20994115156249998 0.7697289031250001 0.21487615781249997 0.6284087953124999
6 0.26541083906249996 0.5691988609374999 0.1490755 0.565136340625 0.1449311859375 0.6838140015625 0.2612665234375 0.687876521875 0.26541083906249996 0.5691988609374999
6 0.181538375 0.3966353828125 0.066764584375 0.39262739375 0.0606844375 0.5667400140625001 0.175458228125 0.5707480031250001 0.181538375 0.3966353828125
6 0 0.6115244390625 0.09418335781250001 0.6148133953125 0.0998272609375 0.45319315937500004 0.0014497265625 0.44975774062499996 0 0.49127247656249995 0 0.6115244390625
6 0 0.6943874171875 0.0225851234375 0.6951761078125 0.027383804687500003 0.55775986875 0 0.5568036046875 0 0.6943874171875
6 0.23431872343750001 0.250732259375 0.09143706562500001 0.245742721875 0.08560230625000001 0.41282837656250004 0.2284839625 0.41781791406249996 0.23431872343750001 0.250732259375
6 0.33968852968749996 0.21063518750000002 0.206956934375 0.20600009843749997 0.2012312359375 0.3699626546875 0.3339628296875 0.3745977453125 0.33968852968749996 0.21063518750000002
6 0.21332210625 0.180425409375 0.0899598 0.17611750312500002 0.086960625 0.2620026515625 0.2103229296875 0.26631055937500003 0.21332210625 0.180425409375
6 0.3400454640625 0.1332567578125 0.24088715624999998 0.1297940734375 0.2362520671875 0.2625256671875 0.33541037500000004 0.2659883515625 0.3400454640625 0.1332567578125
6 0.22236175781249998 0.01110649375 0.0841647453125 0.0062805484375 0.07966598124999999 0.13510827187500002 0.21786299374999998 0.13993421875 0.22236175781249998 0.01110649375
6 0.0944312984375 0.048070553125 0.015573115625 0.0453167640625 0.0099292140625 0.206937 0.08878739531249999 0.2096907890625 0.0944312984375 0.048070553125