7 0.4737961140625 0 0.338182965625 0.014253515625 0.342429434375 0.0546559671875 0.4947156 0.038650046874999996 0.49065331562500003 0 0.4737961140625 0
7 0.7629165578125 0.90127848125 0.7705928671875 0.9743136828125 0.9221020609374999 0.958389425 0.914425753125 0.8853542234375 0.7629165578125 0.90127848125
7 0.503042640625 0.3944160578125 0.6677603296875 0.37710353125 0.649957825 0.2077240203125 0.48524013750000006 0.22503654687500002 0.503042640625 0.3944160578125
7 0.1119696703125 0.7693796546875 0.263478865625 0.7534553953125 0.24877955 0.6136007546875 0.0972703546875 0.6295250125 0.1119696703125 0.7693796546875
1 0.5668663609375 0.19446179218749998 0.6849658359374999 0.1820490359375 0.667408321875 0.0150004375 0.549308846875 0.0274131921875 0.5668663609375 0.19446179218749998
1 0.9461862421875 0.4476050625 0.9966893078125001 0.4422969765625 0.9803567359375001 0.28690293125 0.9298536703125 0.2922110171875 0.9461862421875 0.4476050625
1 0.8298460375 0.45433403749999995 0.945614603125 0.442166271875 0.9318952421875 0.311635271875 0.816126678125 0.3238030390625 0.8298460375 0.45433403749999995
1 0.7494306796875 0.5861179078125 0.9102635171875001 0.5692136953125 0.8940942703125 0.4153735890625 0.7332614328125 0.43227780156250006 0.7494306796875 0.5861179078125
6 0.6291610484375 0.8768446390625 0.808641171875 0.8579805171875 0.791736959375 0.6971476796875 0.6122568359375 0.7160118 0.6291610484375 0.8768446390625
5 1 0.47379610781250003 0.9970159593749999 0.44540485781249994 0.9737068515624999 0.44785474374999995 0.9856296296875 0.561292396875 1 0.559782009375 1 0.47379610781250003
5 0.680757225 0 0.701279865625 0.1952598765625 0.8854218093749999 0.175905778125 0.86693336875 0 0.680757225 0