3 0.6522348265625 0.810322840625 0.7794048015625 0.7947083312500001 0.7617908734375 0.6512543953125001 0.6346208984375 0.6668689046875 0.6522348265625 0.810322840625
3 1 0.893561375 0.9605797796875001 0.8984015703124999 0.9664828265625 0.9464780234375001 1 0.9423626328125 1 0.893561375
3 0.309003459375 0.9894247203125 0.44780483593750003 0.9723820546875 0.431523853125 0.8397840921874999 0.292722478125 0.8568267578125001 0.309003459375 0.9894247203125
6 0.5803567578125 0.5775034234375 0.7649083078125 0.5548433421875 0.7399631765625 0.35168155156249997 0.5554116265625 0.3743416328125 0.5803567578125 0.5775034234375
6 0.417207015625 0.4731711984375 0.593228871875 0.45155843281249997 0.5734251031250001 0.2902696828125 0.397403246875 0.31188245000000003 0.417207015625 0.4731711984375
3 0.6144824796874999 0.2592536078125 0.751733003125 0.24240136250000002 0.7318340234375 0.08033718749999999 0.5945835015625 0.09718943125 0.6144824796874999 0.2592536078125
3 0.7085888671875 0 0.72845844375 0.1618247125 0.8850946343749999 0.14259220625 0.8675865125 0 0.7085888671875 0
6 0.5629722140625 0 0.5738648890625 0.08871371875 0.739030771875 0.0684338984375 0.7306281453125 0 0.5629722140625 0
6 0.8144746875 0.8431391328125001 0.9734371578125 0.823620996875 0.952966915625 0.656904259375 0.794004446875 0.6764223968749999 0.8144746875 0.8431391328125001
3 0.31086956875 0.2674092546875 0.48301429218749997 0.246272540625 0.46140152656250005 0.07025068437500001 0.289256803125 0.0913873984375 0.31086956875 0.2674092546875
3 0.1418088390625 0.4739269265625 0.27440680156249997 0.45764594374999995 0.2559359796875 0.30721316875000004 0.1233380171875 0.32349415000000004 0.1418088390625 0.4739269265625
3 0.2678775203125 0.43011142500000005 0.42451370937500005 0.4108789203125 0.40518599218749995 0.253467303125 0.24854980312500002 0.272699809375 0.2678775203125 0.43011142500000005
3 0.0912489734375 0.8185952296875 0.0361936796875 0.8253551703124999 0.055997446875 0.9866439203124999 0.11105274218750001 0.9798839796875001 0.0912489734375 0.8185952296875