7 0 0.93464336875 0.169694434375 0.958492365625 0.17436978125 0.9252255484375 0 0.9007194734375 0 0.93464336875
6 0.1049632671875 0.6724813390625 0.080716703125 0.8450046046875 0.2377670296875 0.8670765890625001 0.26201359375 0.6945533234375 0.1049632671875 0.6724813390625
6 0.2733589984375 0.77661845 0.24672039687499997 0.9661619484375 0.4006761359375 0.987799015625 0.42731473593749997 0.79825551875 0.2733589984375 0.77661845
6 0.380067971875 0.5730824203125 0.3485365671875 0.7974400296875 0.459941725 0.8130970046874999 0.4914731296875 0.5887393953125 0.380067971875 0.5730824203125
6 0.6401012749999999 0.21043025625 0.61944276875 0.357423171875 0.8236855578125001 0.386127625 0.8443440640625001 0.23913470781249999 0.6401012749999999 0.21043025625
6 0.7039667781250001 0.5531224234375001 0.6887447203125 0.6614329921875 0.8728726890624999 0.687310490625 0.888094746875 0.578999921875 0.7039667781250001 0.5531224234375001
6 1 0.1789622328125 0.9709252718749999 0.174876046875 0.9561381296875 0.280092028125 1 0.2862564125 1 0.1789622328125
6 0.646073034375 0.066895746875 0.65314041875 0.016608695312499998 0.5541136125 0.0026913859375 0.5470462281249999 0.0529784359375 0.646073034375 0.066895746875
6 0.09055265625 0.21366686875 0.0714163546875 0.349828728125 0.23929773906250001 0.37342291875 0.25843404062499997 0.23726105937500003 0.09055265625 0.21366686875
6 0.06535663124999999 0 0.0535765515625 0.083819625 0.213721465625 0.10632652499999999 0.22866468437499998 0 0.06535663124999999 0
1 0.6439861375 0.55889339375 0.615934059375 0.7584943015625 0.7536432125 0.7778480609375 0.781695290625 0.578247153125 0.6439861375 0.55889339375