6 0.51967423125 0.5573610734375001 0.50942875 0.410843853125 0.3504419796875 0.4219612921875 0.36068746093750004 0.5684785109375 0.51967423125 0.5573610734375001
1 0.660933375 0.1919296609375 0.6532492640625 0.082041746875 0.4646473109375 0.0952300796875 0.472331421875 0.20511799531250002 0.660933375 0.1919296609375
1 0.808125925 0.325737978125 0.795591559375 0.1464881875 0.63192870625 0.157932609375 0.6444630734375 0.3371824 0.808125925 0.325737978125
1 0.6539292078125001 0.48375411718750005 0.6422123 0.31619453124999997 0.434906021875 0.3306907984375 0.44662292968750006 0.498250384375 0.6539292078125001 0.48375411718750005
1 0.8238695625 0.7412769906250001 0.8135150859375001 0.5932010765625 0.610105540625 0.6074248578125 0.6204600171875 0.7555007703125 0.8238695625 0.7412769906250001
1 0 0.461461990625 0.003643284375 0.513563384375 0.1836724203125 0.5009745203125 0.1712470484375 0.3232834234375 0 0.335258184375 0 0.461461990625
1 0 0.51746039375 0.0063952125 0.6089161937500001 0.06484623125 0.6048289 0.0535653015625 0.44350408906250005 0 0.44724974062499995 0 0.51746039375
1 0.0830875125 0.5409007265625 0.0020354328125000002 0.546568440625 0.014515303125 0.725038884375 0.09556738125 0.7193711703125001 0.0830875125 0.5409007265625
1 0.3318786921875 0.6268803734375 0.323867596875 0.512316378125 0.1368243375 0.525395715625 0.1448354328125 0.6399597124999999 0.3318786921875 0.6268803734375
1 0.35791271562500004 0.786390390625 0.3452148578125 0.604802559375 0.21194653593749999 0.6141215890625 0.22464439375 0.79570941875 0.35791271562500004 0.786390390625
1 0.49188972968750005 1 0.48569247656250003 0.91137513125 0.3212502765625 0.9228740500000001 0.3266434484375 1 0.49188972968750005 1
1 0.7203738468750001 0.9411709171875 0.7086569390624999 0.7736113312499999 0.5465527812500001 0.7849467578125 0.5582696890625 0.9525063453125 0.7203738468750001 0.9411709171875
1 0.5380775515625 0.943737265625 0.541892359375 0.99829155 0.72893561875 0.9852122109374999 0.7251208109375 0.9306579265625 0.5380775515625 0.943737265625
1 0.6374417953125 0.8639553718749999 0.6463248453125 0.99098891875 0.8224572484375001 0.9786725421875 0.8135741968750001 0.8516389953125 0.6374417953125 0.8639553718749999
1 0.9117715453124999 0.9567639234374999 0.900490615625 0.7954391109375 0.7407244984375 0.8066110468750001 0.752005428125 0.9679358578124999 0.9117715453124999 0.9567639234374999