3 0.94466274375 0.8992274890624999 0.9930928671875 0.9000728406249999 0.9960379609375 0.7313485421875 0.9476078375 0.730503190625 0.94466274375 0.8992274890624999
3 1 0.45481307187500003 0.9672760078125 0.454241871875 0.9646990515624999 0.6018756328125 0.998287684375 0.602461925 1 0.5043634046875 1 0.45481307187500003
6 0.8853100156249999 0.58408114375 0.887832434375 0.43957190625000003 0.7597269484375 0.437335815625 0.7572045296875001 0.581845053125 0.8853100156249999 0.58408114375
6 0.98953695 0.20849920156250001 0.9923866 0.045242818750000004 0.8002283718750001 0.041888684375 0.7973787203125 0.2051450671875 0.98953695 0.20849920156250001
6 0 0.99134863125 0.0241574515625 0.9917703015624999 0.026284464062500002 0.8699138640624999 0 0.8694550671875 0 0.99134863125
3 0.008651368750000001 0 0.005775453125 0.164761034375 0.0784206375 0.1660290609375 0.0813186859375 0 0.008651368750000001 0
3 0.1001599125 0.21876024374999997 0.004861929687500001 0.2170968109375 0.0019168359375 0.3858211109375 0.09721481875 0.3874845421875 0.1001599125 0.21876024374999997
3 0 0.58894359375 0.100699978125 0.59070131875 0.10408138281249998 0.3969808265625 0.0017532203125 0.39519468281250003 0 0.49563657968749997 0 0.58894359375
3 0.2499799890625 0.7675522984375001 0.2529250828125 0.5988279999999999 0.11622715624999999 0.5964419296875 0.11328206249999999 0.765166228125 0.2499799890625 0.7675522984375001
3 0.411561078125 0.7320856250000001 0.415051559375 0.5321160859375 0.2541385703125 0.529307340625 0.25064808906249997 0.7292768796875 0.411561078125 0.7320856250000001
3 0.021665851562499998 0.8659264 0.019470665625 0.9916884937500001 0.183508178125 0.9945517781250001 0.18570336406250001 0.8687896859375 0.021665851562499998 0.8659264
6 0.8702364359375 1 0.8723993312499999 0.87608779375 0.7044561640625 0.8731563359375001 0.7022421 1 0.8702364359375 1