6 0.19586815156249998 0.8171329 0.03671156875 0.8254739437499999 0.0457477 0.997893575 0.20490428125000001 0.98955253125 0.19586815156249998 0.8171329
6 0.18354679062499998 1 0.18297748593750002 0.989137021875 0.0253812625 0.9973962890625 0.0255177171875 1 0.18354679062499998 1
6 0.38386043281250004 0.7619059578125 0.22158313437500002 0.7704105515624999 0.22992417656250003 0.9295671328124999 0.39220147656250004 0.9210625406249999 0.38386043281250004 0.7619059578125
6 0.33950184375000003 0.6320182515625 0.1452371921875 0.6421992296875 0.154518646875 0.8192999359375 0.3487832984375 0.8091189578125 0.33950184375000003 0.6320182515625
3 0.5272565140625 0.7215333578124999 0.3805828015625 0.7292202015625 0.38953715624999996 0.9000794734375 0.53621086875 0.8923926296875001 0.5272565140625 0.7215333578124999
3 0.2970638875 0.35964725625 0.14570909999999998 0.367579425 0.1537230421875 0.5204945734375 0.30507783125 0.5125624046875 0.2970638875 0.35964725625
3 0.735874028125 0 0.7383404296875 0.0470617390625 0.92558346875 0.0372487484375 0.92363134375 0 0.735874028125 0
6 0.46880501875 0.2630266046875 0.318230409375 0.2709178859375 0.325917253125 0.4175915984375 0.4764918625 0.40970031875 0.46880501875 0.2630266046875
6 0.6490198078125 0.283310190625 0.46099659062500004 0.29316406875 0.47105490781250003 0.4850881828125 0.659078125 0.475234303125 0.6490198078125 0.283310190625
6 0.3637725796875 0.0651273640625 0.2233403015625 0.07248710781249999 0.2307409328125 0.21369956562499998 0.3711732109375 0.20633982187500002 0.3637725796875 0.0651273640625
6 0.684183028125 0.9542644093750001 0.6861047390625 0.9909328374999999 0.8444811421875 0.9826326812499999 0.84255943125 0.9459642531249999 0.684183028125 0.9542644093750001