3 0.79296875 0.0609375 0.6609375 0.0609375 0.6609375 0.190625 0.79296875 0.190625 0.79296875 0.0609375
6 0.80546875 0 0.80546875 0.103125 0.97734375 0.103125 0.97734375 0 0.80546875 0
3 0.26796875 0.67109375 0.09296875 0.67109375 0.09296875 0.85390625 0.26796875 0.85390625 0.26796875 0.67109375
3 0.77265625 0.7953125 0.6171875 0.7953125 0.6171875 0.97890625 0.77265625 0.97890625 0.77265625 0.7953125
3 0.64609375 0.53203125 0.453125 0.53203125 0.453125 0.73046875 0.64609375 0.73046875 0.64609375 0.53203125
6 0.296875 1 0.296875 0.8578125 0.134375 0.8578125 0.134375 1 0.296875 1
6 0.78125 0.40078125 0.609375 0.40078125 0.609375 0.58203125 0.78125 0.58203125 0.78125 0.40078125
6 0.615625 1 0.615625 0.82109375 0.42109375 0.82109375 0.42109375 1 0.615625 1
6 0.18515625 0.45234375 0.01640625 0.45234375 0.01640625 0.62109375 0.18515625 0.62109375 0.18515625 0.45234375
6 0.5375 0.18359375 0.38359375 0.18359375 0.38359375 0.34765625 0.5375 0.34765625 0.5375 0.18359375
6 0.55859375 0 0.55859375 0.05546875 0.759375 0.05546875 0.759375 0 0.55859375 0