1 0 0.88366349375 0.08534050625 0.9065304140625001 0.10374092343750001 0.8378591249999999 0 0.810061828125 0 0.88366349375
1 0 0.7704301625000001 0.1083664328125 0.7994668593750001 0.1577038140625 0.61533725 0.0211158640625 0.57873861875 0 0.6575440984375 0 0.7704301625000001
1 0.480566275 0.6751572703125001 0.43143109687500003 0.8585322515625 0.5680190453125 0.8951308828125001 0.6171542234375 0.7117559015625 0.480566275 0.6751572703125001
1 0.081633209375 0.7664218093749999 0.046854400000000004 0.8962180921874999 0.184196978125 0.933018925 0.21897578750000002 0.8032226421875001 0.081633209375 0.7664218093749999
1 0.348618353125 0.5880381234375001 0.306762459375 0.744246440625 0.448632815625 0.7822604875 0.49048870781250004 0.6260521703124999 0.348618353125 0.5880381234375001
7 0.11633650625 0 0.1112633953125 0.01893310625 0.2629439359375 0.059575784374999996 0.27890721875 0 0.11633650625 0
7 0.2367592484375 0.07277985625 0.10620833593750001 0.0377988453125 0.0724405390625 0.1638219796875 0.20299145156249998 0.1988029921875 0.2367592484375 0.07277985625
1 0.3838567890625 0.28447095 0.3395744671875 0.449734821875 0.50559296875 0.4942193453125 0.549875290625 0.3289554734375 0.3838567890625 0.28447095
7 0.4293457890625 0 0.428984734375 0.0013474734375 0.5934939765625 0.0454275921875 0.6029974874999999 0.009960003125 0.56582625 0 0.4293457890625 0
5 0.3290534078125 0 0.295172396875 0.12644565937500002 0.444589046875 0.16648173125000001 0.4819964875 0.026875264062499998 0.3816966390625 0 0.3290534078125 0
5 0.7939796828125 0.1363528125 0.750910575 0.29708890781249997 0.9169290765625 0.34157343125 0.959998184375 0.1808373359375 0.7939796828125 0.1363528125
5 1 0.54015269375 0.8547378484375001 0.501229815625 0.8270361234375001 0.6046140656250001 0.9787166624999999 0.64525674375 1 0.5658262484375001 1 0.54015269375