1 0 0.97421875 0.07421875 0.97421875 0.07421875 0.8015625 0 0.8015625 0 0.97421875
1 0.3140625 0.84296875 0.3140625 0.7296875 0.15546875 0.7296875 0.15546875 0.84296875 0.3140625 0.84296875
1 0 0.809375 0.17109375 0.809375 0.17109375 0.6765625 0 0.6765625 0 0.809375
1 1 0.5203125 0.9015625 0.5203125 0.9015625 0.72265625 1 0.72265625 1 0.5203125
1 1 0.8546875 0.8484375 0.8546875 0.8484375 1 1 1 1 0.8546875
6 0.85859375 0.94609375 0.85859375 0.79765625 0.6625 0.79765625 0.6625 0.94609375 0.85859375 0.94609375
1 0.9234375 0.4375 0.9234375 0.275 0.7609375 0.275 0.7609375 0.4375 0.9234375 0.4375
1 0.68984375 0.46015625 0.68984375 0.29375 0.5046875 0.29375 0.5046875 0.46015625 0.68984375 0.46015625
1 0.43984375 0.6515625 0.43984375 0.47421875 0.2953125 0.47421875 0.2953125 0.6515625 0.43984375 0.6515625
1 0.321875 0.6015625 0.321875 0.471875 0.16171875 0.471875 0.16171875 0.6015625 0.321875 0.6015625
1 0.26796875 0.21015625 0.26796875 0.028125 0.14453125 0.028125 0.14453125 0.21015625 0.26796875 0.21015625