5 0.44539729687499996 0.655992334375 0.46779546875 0.8153636015625001 0.6333559109375 0.7920955984375 0.610957740625 0.63272433125 0.44539729687499996 0.655992334375
7 0.388817025 1 0.380992315625 0.9443243015625 0.1690130578125 0.9741160437499999 0.1726508109375 1 0.388817025 1
1 0.47004093437499994 0.11842478281249999 0.4536228578125 0.0016040953125 0.298893471875 0.02334989375 0.31531154843750003 0.1401705796875 0.47004093437499994 0.11842478281249999
7 0.4469945984375 0.0498713046875 0.4608031796875 0.1481244640625 0.670461496875 0.11865890937500001 0.6566529156249999 0.02040575 0.4469945984375 0.0498713046875
7 0.5710165703125 0.36536868125 0.592218721875 0.5162298328125 0.7469481078125 0.494484034375 0.72574595625 0.343622884375 0.5710165703125 0.36536868125
7 0.42514453437500005 0.86553775625 0.4410189671875 0.9784902078125001 0.598842940625 0.9563094937500001 0.5829685078125 0.8433570421875001 0.42514453437500005 0.86553775625
1 0.5696575625 0.7205771828125 0.5918382765625 0.87840115625 0.7403784859375 0.8575251906249999 0.7181977734375 0.6997012171875 0.5696575625 0.7205771828125
1 0.886050059375 0 0.77200995 0.0160272921875 0.7927771859375 0.16379385625 0.95446939375 0.1410694984375 0.93464336875 0 0.886050059375 0
6 0.751686259375 0.7920328359375 0.77582409375 0.9637824546875 0.9444791234375 0.9400795359374999 0.9203412890625 0.7683299171875 0.751686259375 0.7920328359375
6 0.5936153609375 0.1444485578125 0.6152524296874999 0.298404296875 0.7537352296875001 0.2789418078125 0.7320981609375 0.12498606875 0.5936153609375 0.1444485578125
6 0.331340759375 0.428243246875 0.3523254546875 0.5775571046875 0.563531065625 0.5478740921874999 0.542546371875 0.398560234375 0.331340759375 0.428243246875
6 0.30553444218750003 0.55336496875 0.329672278125 0.7251145875 0.4983273078125 0.7014116687499999 0.4741894734375 0.52966205 0.30553444218750003 0.55336496875