1 0.86467599375 0.24258493125 0.9911613953125 0.2381679640625 0.98508125 0.0640553421875 0.8585958484375 0.0684723109375 0.86467599375 0.24258493125
1 0.8061742640625 0 0.809089815625 0.0834904453125 0.96602540625 0.0780101328125 0.96330123125 0 0.8061742640625 0
1 0.6263861921875 0.0226421421875 0.632111890625 0.1866047 0.8023206406250001 0.1806608796875 0.7965949421875 0.016698321874999998 0.6263861921875 0.0226421421875
1 0.209678415625 0.24513306875000002 0.215594971875 0.41456104531250004 0.3818998515625 0.40875355156250004 0.375983296875 0.23932557499999998 0.209678415625 0.24513306875000002
1 0.46584170625 0.1486343140625 0.47181279218750005 0.3196238390625 0.63030993125 0.31408899687499997 0.6243388453125001 0.1430994734375 0.46584170625 0.1486343140625
1 1 0.8077377171875 0.8954831859375 0.811387525 0.901590596875 0.98628091875 1 0.9828443874999999 1 0.8077377171875
1 0 0.5087275234375 0.002840253125 0.5900617375 0.069986825 0.587716928125 0.06341590312499999 0.3995503734375 0 0.40176490625000005 0 0.5087275234375
1 0.2321547859375 0.172429365625 0.2264563515625 0.0092475828125 0.0257974125 0.016254746875 0.031495846875 0.17943653125 0.2321547859375 0.172429365625
7 0.8083983328125001 0.5337888859375 0.8154327625000001 0.7352286 0.988764609375 0.72917571875 0.9817301796875 0.5277360046874999 0.8083983328125001 0.5337888859375
6 0.9338972109375 0.36680731875 0.9955783640625 0.364653365625 0.9887893203125 0.17024061875000002 0.92710816875 0.172394571875 0.9338972109375 0.36680731875
6 0.508727546875 1 0.6244157984375 0.9959600765625 0.6237069015625 0.97565995 0.46364821406249995 0.9812493234374999 0.46430300312500006 1 0.508727546875 1
1 0.21179525312499997 0.7758512421875 0.21831164374999998 0.9624562484375 0.401793553125 0.95604891875 0.3952771625 0.7694439125 0.21179525312499997 0.7758512421875
6 0.0009118187499999999 0.24382437031249998 0.0060922125 0.392171446875 0.17317786562499998 0.3863366875 0.167997471875 0.2379896109375 0.0009118187499999999 0.24382437031249998
6 0.348294325 0.2746884484375 0.354810715625 0.46129345468749994 0.5367310765625 0.4549406546875 0.5302146859375 0.2683356484375 0.348294325 0.2746884484375