6 0.9105889921875001 0.9286529375000001 0.8962017187500001 0.7229053515625 0.8003420484375001 0.7296085125 0.8147293203125001 0.9353560984374999 0.9105889921875001 0.9286529375000001
6 0.5793398484375001 0.7834372203125 0.566968975 0.606525471875 0.44461150937499994 0.6150815390625 0.45698238281250003 0.7919932875 0.5793398484375001 0.7834372203125
6 0.48583533125 0.5550283734375 0.4779332296875 0.442023071875 0.312711684375 0.4535764875 0.320613784375 0.5665817890625 0.48583533125 0.5550283734375
6 0.539321759375 0.4463451015625 0.5306021999999999 0.3216495953125 0.30770898281250003 0.3372358078125 0.3164285421875 0.4619313140625 0.539321759375 0.4463451015625
6 0.696346265625 0.51916275625 0.6872997234375 0.38979116875 0.5174020953125 0.40167156875 0.5264486390625 0.53104315625 0.696346265625 0.51916275625
6 0.3198276453125 0.980927203125 0.3105631140625 0.8484382265624999 0.1967784640625 0.856394825 0.20604299531249998 0.9888838 0.3198276453125 0.980927203125
6 0.2420247640625 0.6746709328125 0.22981738125 0.5000972234375001 0.12304685312500001 0.507563346875 0.1352542359375 0.6821370546875001 0.2420247640625 0.6746709328125
6 1 0.4825396125 0.9975830859375 0.44797613125 0.9266625171875 0.45293537968750003 0.936090540625 0.587762396875 1 0.5832934109375 1 0.4825396125
6 0.0433896140625 0.6227756062500001 0.0075396546874999994 0.6252824796875001 0.021872431249999998 0.8302507171875 0.057722389062500004 0.8277438437500001 0.0433896140625 0.6227756062500001
6 0.2793507625 0.9508649968749999 0.2668708921875 0.772394553125 0.11022216250000001 0.7833485 0.1227020328125 0.96181894375 0.2793507625 0.9508649968749999
6 0.434605015625 0.7183749234375 0.4260489484375 0.5960174578124999 0.23744699531250002 0.6092057921875 0.24600306249999998 0.7315632578125 0.434605015625 0.7183749234375