1 0.17696951875 1 0.1630544921875 0.9284133953125 0.0771621125 0.94510918125 0.0878318078125 1 0.17696951875 1
1 0.30749259375000004 1 0.26258923749999996 0.7689922546875 0.13911894375 0.7929924484375 0.1793571359375 1 0.30749259375000004 1
1 0.299750646875 0.951982315625 0.415551978125 0.9294728171875001 0.383054821875 0.7622894375 0.26725349062500003 0.7847989359375 0.299750646875 0.951982315625
1 0.548144525 1 0.6076748375000001 0.9884284796875 0.5887430078125 0.8910326578125 0.42309342031249997 0.923231675 0.43801567031250005 1 0.548144525 1
1 0.6183411265625 0.7444099484375 0.8169672515625 0.705800940625 0.7902838062499999 0.5685265140625 0.59165768125 0.607135521875 0.6183411265625 0.7444099484375
1 1 0.8365603140625 0.9010386234375 0.85579645625 0.915200228125 0.9286515984375001 1 0.9121681921875 1 0.8365603140625
1 0.6972826390625 0 0.7172665984375 0.102808553125 0.8706458453125 0.072994646875 0.8564571234375 0 0.6972826390625 0
1 0.534890821875 0.19635750000000002 0.7304493625 0.1583447703125 0.70406405625 0.0226041359375 0.508505515625 0.060616865625 0.534890821875 0.19635750000000002
1 0.25480661875 0.1966810296875 0.22514178281250002 0.044068678124999996 0.029583242187499997 0.08208140781249999 0.059248078125000006 0.2346937578125 0.25480661875 0.1966810296875
1 0.090271078125 0.8160173421874999 0.053460057812499996 0.8231726796875 0.082379546875 0.9719505500000001 0.119190565625 0.9647952125 0.090271078125 0.8160173421874999
6 0.816397534375 0.2729570859375 0.9598071296875 0.24508108437499998 0.922390678125 0.0525901296875 0.7789810828125 0.08046613124999999 0.816397534375 0.2729570859375
6 0.5322007890625 0.6369978359374999 0.70935381875 0.602562775 0.6862480421875 0.4836938578125 0.5090950125 0.51812891875 0.5322007890625 0.6369978359374999