6 0.90304543125 0.9357534171875 0.8922511406250001 0.729786075 0.796289084375 0.734815234375 0.807083375 0.9407825750000001 0.90304543125 0.9357534171875
6 0.574381103125 0.7847787234375 0.5650996484374999 0.6076780171875 0.44261149531250005 0.6140973484375001 0.45189294999999996 0.7911980546875 0.574381103125 0.7847787234375
6 0.48487711093749997 0.554772784375 0.478948428125 0.44164678281249997 0.31355041093749997 0.4503149265625 0.31947909375 0.563440928125 0.48487711093749997 0.554772784375
6 0.540252178125 0.4470395328125 0.5337101828125 0.32221084218749996 0.310578896875 0.33390465625 0.317120890625 0.45873334843749997 0.540252178125 0.4470395328125
6 0.695981925 0.522586553125 0.68919460625 0.393076784375 0.5191155140625 0.401990253125 0.5259028328124999 0.5315000203125 0.695981925 0.522586553125
6 0.3114617484375 0.9777095140625001 0.3045108796875 0.845079028125 0.1906046984375 0.8510485984375 0.1975555671875 0.9836790843750001 0.3114617484375 0.9777095140625001
6 0.2390156265625 0.6701420406249999 0.22985683437499999 0.495381871875 0.12297226718750001 0.5009834546875 0.132131059375 0.6757436234374999 0.2390156265625 0.6701420406249999
6 1 0.486907028125 0.99841524375 0.45666807656249997 0.9274189249999999 0.4603888359375 0.9344924562499999 0.595359859375 1 0.5919267546875 1 0.486907028125
6 0.041316428125 0.61478795625 0.0054281781250000005 0.6166687796875 0.0161815828125 0.8218559421875 0.05206983125 0.8199751187500001 0.041316428125 0.61478795625
6 0.2715156890625 0.9469454687500001 0.262152459375 0.768284403125 0.105336415625 0.7765027828125 0.11469964375 0.9551638484374999 0.2715156890625 0.9469454687500001
6 0.43080380781249994 0.7172003640625 0.424384475 0.5947122109375 0.23558107968750003 0.6046069765625 0.24200041093750002 0.72709513125 0.43080380781249994 0.7172003640625