1 0 0.16343968749999999 0.12273515937499999 0.1395823890625 0.1085735546875 0.0667272453125 0 0.08783180625 0 0.16343968749999999
1 0.1278540046875 0.38292021875 0.23905395937499999 0.3613051359375 0.2087928453125 0.2056252 0.097592890625 0.22724028281250003 0.1278540046875 0.38292021875
1 0.2639231796875 0.21082639687500002 0.231276953125 0.042876121875 0.1009045921875 0.068217940625 0.13355081875000002 0.2361682171875 0.2639231796875 0.21082639687500002
1 0.5481445265625 1 0.5754651953125001 0.9946894000000001 0.556682434375 0.8980604734375 0.358056309375 0.93666948125 0.370366515625 1 0.5481445265625 1
1 0.23586407656250002 1 0.2183141171875 0.9097132875 0.0756714171875 0.9374402187499999 0.0878318078125 1 0.23586407656250002 1
6 0.13052516249999999 0.9371240734375 0.276235446875 0.9088008625 0.2388189953125 0.7163099078124999 0.0931087109375 0.7446331171875 0.13052516249999999 0.9371240734375
1 0.6421473828125001 0.9037321984375 0.8016618 0.8727257359375 0.7706553390625 0.71321131875 0.611140921875 0.7442177812499999 0.6421473828125001 0.9037321984375
1 0.575335603125 0.6787532390625 0.7386845015625 0.6470014296875 0.7033550234375 0.46524702187500006 0.540006125 0.49699883125 0.575335603125 0.6787532390625
1 0.3397437765625 0.469868478125 0.513829221875 0.4360296953125 0.486251359375 0.2941538921875 0.3121659140625 0.327992675 0.3397437765625 0.469868478125
1 0.36631563749999996 0.344526696875 0.4936204125 0.3197811546875 0.46306115937500003 0.1625674265625 0.335756384375 0.18731296718749998 0.36631563749999996 0.344526696875
1 0.7402448546875 0.21692702343749998 0.918931678125 0.18219382343749999 0.8953786921875 0.06102421718749999 0.71669186875 0.0957574171875 0.7402448546875 0.21692702343749998