6 0.5805444921875 0.72226668125 0.6951084890625 0.7142555859375 0.6831735921875 0.5435786109375 0.5686095953125 0.5515897062499999 0.5805444921875 0.72226668125
6 0.6617344421875 0 0.5423697171875 0.008346795312499999 0.55321466875 0.16343683125 0.680248215625 0.1545537796875 0.6694407625000001 0 0.6617344421875 0
6 0.6663773953125001 0.34818052499999996 0.82146743125 0.3373355734375 0.8113854406250001 0.19315639375 0.6562954046875 0.20400134531249997 0.6663773953125001 0.34818052499999996
1 0.5934744625 0 0.5962589890625 0.0398205890625 0.7731707390625 0.027449714062500002 0.7712512671875 0 0.5934744625 0
1 0.4825396203125 0 0.4230370296875 0.0041608265625 0.4263613609375 0.0517009875 0.613404621875 0.0386216484375 0.6107039328125 0 0.4825396203125 0
1 0.44793692968750004 0.32664695625 0.610820434375 0.3152570328125 0.5986675499999999 0.14146267031249998 0.43578404375 0.1528525953125 0.44793692968750004 0.32664695625
1 0.6458041406249999 0.2219644359375 0.7845278921875 0.2122639265625 0.773410453125 0.05327715625 0.6346867031250001 0.062977665625 0.6458041406249999 0.2219644359375
1 0.310357984375 0.24072217031249998 0.4537578171875 0.23069467812500002 0.4390435609375 0.0202710109375 0.295643728125 0.030298503124999997 0.310357984375 0.24072217031249998
6 0.2915973453125 0.8012086640625 0.45759823906249997 0.78960075 0.4422845125 0.5706042671875 0.2762836203125 0.58221218125 0.2915973453125 0.8012086640625
6 0.823952578125 0.3504754765625 0.9782632671875 0.339685021875 0.9652384265625 0.153421109375 0.8109277374999999 0.16421156406249998 0.823952578125 0.3504754765625
6 0 0.4550813171875 0.058007009374999995 0.451025071875 0.047380046875 0.2990524234375 0 0.302365559375 0 0.4550813171875
6 0.6377591859375 0.4653058921875 0.79362856875 0.45440644218750004 0.7855629765625001 0.3390631 0.62969359375 0.3499625484375 0.6377591859375 0.4653058921875