6 0 0.99134863125 0.0850856703125 0.9928338078125 0.087049065625 0.8803509421875001 0 0.8788314937499999 0 0.99134863125
6 1 0.4891933078125 0.8284158921874999 0.4861982953125 0.8254298953125 0.6572659875 0.9972787171874999 0.66026561875 1 0.504363471875 1 0.4891933078125
6 0.42790947968750004 0.10883852187500001 0.2607474421875 0.10592069687500001 0.2577614453125 0.2769883890625 0.42492348125 0.2799062125 0.42790947968750004 0.10883852187500001
6 0.8580808765624999 0.1296304640625 0.8602351578125 0.0062117640625 0.713382528125 0.0036484421875 0.711228246875 0.12706714218749998 0.8580808765624999 0.1296304640625
5 0.6029241359374999 0.42287827812499995 0.41467156093749996 0.4195923171875 0.4130899375 0.5102035140625001 0.6013425109375 0.513489475 0.6029241359374999 0.42287827812499995
5 0.008651368750000001 0 0.006538996875 0.121017696875 0.088557753125 0.12244934062499999 0.0906951140625 0 0.008651368750000001 0
6 0 0.692865671875 0.094199778125 0.694509934375 0.09782660625 0.48672908593750003 0.0001852296875 0.4850247484375 0 0.49563655000000006 0 0.692865671875
6 0 0.5115880625 0.112204515625 0.5135465984375001 0.114699665625 0.3705996234375 0.0022167984375 0.368636228125 0 0.49563654062499996 0 0.5115880625
6 0.189754640625 0.5023983375000001 0.062430285937499996 0.5001758828125 0.058980709374999996 0.697802028125 0.1863050640625 0.7000244828125 0.189754640625 0.5023983375000001
6 0.9236998359375 0.17531388125 0.827620721875 0.1736368140625 0.8246892625 0.34157998125 0.9207683765624999 0.3432570484375 0.9236998359375 0.17531388125
6 0.632770325 0.1006938453125 0.48513656406249994 0.0981168890625 0.48167335156249996 0.296524165625 0.6293071125 0.29910112187500004 0.632770325 0.1006938453125
6 0.7944393546875 0.2840120296875 0.6475867234375 0.2814487078125 0.6441235125 0.479855984375 0.7909761421875 0.48241930625 0.7944393546875 0.2840120296875
6 0.7551083359375 0.433348353125 0.60825570625 0.43078503125 0.606415021875 0.5362377171875 0.753267653125 0.5388010390625 0.7551083359375 0.433348353125
6 0.775466553125 0.5204356671875 0.6278327921875 0.517858709375 0.6243695796875001 0.7162659875 0.7720033421875 0.71884294375 0.775466553125 0.5204356671875
6 0.6531834859375001 0.4979856140625 0.538357228125 0.4959813140625 0.5351121703125 0.6818904953125 0.6499384296875 0.6838947937500001 0.6531834859375001 0.4979856140625
6 0.69433623125 0.6471640484375001 0.5474836015625 0.6446007265625 0.5439113125 0.8492570515625 0.6907639421875 0.8518203734375 0.69433623125 0.6471640484375001
6 0.494730875 0.578044928125 0.3470971140625 0.5754679703125001 0.34312941874999997 0.8027770953125 0.4907631796875 0.8053540515625001 0.494730875 0.578044928125
6 0.3955329640625 0.48645598593750006 0.248680334375 0.4838926640625 0.24521712343750002 0.682299940625 0.39206975312500003 0.6848632625 0.3955329640625 0.48645598593750006
6 0.2569899953125 0.2316555203125 0.1351335578125 0.2295285078125 0.1307159171875 0.48261495625000006 0.2525723546875 0.48474196875000003 0.2569899953125 0.2316555203125