3 0.746141121875 0.898528478125 0.7242865968750001 0.7430254453125 0.5780673265625 0.7635752234375001 0.599921853125 0.9190782562500001 0.746141121875 0.898528478125
6 0.3201416328125 0.20260597812499997 0.2950252375 0.0238935375 0.1016135046875 0.051075784375 0.1267299 0.22978822499999998 0.3201416328125 0.20260597812499997
6 0.8070207671875 0.557044875 0.7833178484375 0.38838984375 0.63168305 0.409700725 0.65538596875 0.57835575625 0.8070207671875 0.557044875
6 0.5492392859375 0 0.479236846875 0.0098382015625 0.49989535468749996 0.1568311171875 0.6383781546875 0.13736862968750002 0.6190722515625 0 0.5492392859375 0
3 0.201644171875 0.762830959375 0.18087693437500002 0.6150643953125 0.0176374328125 0.6380062109375 0.038404668749999996 0.785772775 0.201644171875 0.762830959375
3 0.9687339796875 0.8656672375 0.943617584375 0.686954796875 0.7873409046875001 0.7089180515625 0.8124572999999999 0.8876304921875 0.9687339796875 0.8656672375
3 0.7572187671874999 0.39915818125 0.73373330625 0.23205044375 0.5859667421875 0.25281768125 0.609452203125 0.41992541718750004 0.7572187671874999 0.39915818125
3 0.46503659375 0 0.35459605 0.01552140625 0.367643528125 0.1083590375 0.5726599640625001 0.07954585625 0.5614805234375 0 0.46503659375 0
3 0.6491256125 0.269975896875 0.6286845640625 0.124530275 0.487880821875 0.14431895 0.508321871875 0.28976457187500004 0.6491256125 0.269975896875
4 0.6386167015625 0.7621659140625 0.6153486984375001 0.596605471875 0.4288997890625 0.6228091578125 0.4521677921875 0.7883696 0.6386167015625 0.7621659140625
8 0.7695219375 0.7224673328125 0.7427746078124999 0.5321501890625 0.540852759375 0.560528453125 0.5676000890624999 0.7508455984375 0.7695219375 0.7224673328125
4 1 0.46503659375 0.98719681875 0.3739372234375 0.85180860625 0.39296479687499997 0.8742067765625 0.5523360640625 1 0.534656978125 1 0.46503659375