6 0.3383908140625 1 0.32749075625 0.8441219 0.187987659375 0.8538769078125 0.19820558125 1 0.3383908140625 1
6 0.6178712171875 0.7744775828125 0.476030078125 0.7843960812499999 0.48578508593749997 0.9238991796875 0.6276262234375001 0.91398068125 0.6178712171875 0.7744775828125
6 0.4004882875 0.6784700796875 0.2290319671875 0.6904594734375 0.2373700453125 0.8096995515625001 0.4088263671875 0.7977101578125 0.4004882875 0.6784700796875
6 0.8152486781249999 0.438797778125 0.66327603125 0.44942474062500004 0.6751564296875 0.61932236875 0.827129078125 0.6086954062500001 0.8152486781249999 0.438797778125
6 0.2511105078125 0.47981247812500005 0.117842184375 0.48913150625 0.1317934796875 0.6886443171875001 0.26506180156250003 0.6793252875 0.2511105078125 0.47981247812500005
6 0.2907759984375 0.3078767265625 0.17855004375 0.31572432968749997 0.1898309734375 0.477049140625 0.30205692812499996 0.46920153750000004 0.2907759984375 0.3078767265625
6 0.4571697796875 0.145091896875 0.32000472343749997 0.1546834125 0.3358089234375 0.3806940171875 0.47297398125 0.3711025015625 0.4571697796875 0.145091896875
6 0.5903942859375 0.2023443390625 0.45556727031250005 0.2117723625 0.46804713906249995 0.39024280624999996 0.60287415625 0.38081478281250003 0.5903942859375 0.2023443390625
6 0.6032502953125001 0.3525948015625 0.4637471984375 0.362349809375 0.4729572328125 0.4940594375 0.6124603296875 0.4843044296875 0.6032502953125001 0.3525948015625
6 0.3649496546875 0.47263522656249995 0.23947480156249998 0.4814092828125 0.2497747796875 0.62870585 0.3752496328125 0.61993179375 0.3649496546875 0.47263522656249995
6 0.56371446875 0 0.5662623250000001 0.036436054687500004 0.7221317078125 0.02553660625 0.720346015625 0 0.56371446875 0
5 0.9247772015625 0.3363767125 0.7938469203125 0.34553225 0.8021305015625 0.46399297968750003 0.9330607828125 0.45483744374999996 0.9247772015625 0.3363767125
3 0.5763446796875 0.06862365312499999 0.4516491734375 0.07734321250000001 0.46200365000000004 0.2254191265625 0.58669915625 0.2166995671875 0.5763446796875 0.06862365312499999
6 0.5174603890625 1 0.5894325203124999 0.9949672187499999 0.5841462875000001 0.9193705671875 0.393985640625 0.9326678953125 0.39869395937499996 1 0.5174603890625 1
6 0 0.48484131093749994 0.0694300671875 0.47998628749999994 0.05951156875 0.33814515 0 0.342306603125 0 0.48484131093749994