0 0.5315321171875 0.14630250625000002 0.537051925 0.251626715625 0.6829454593750001 0.243980759375 0.67742565 0.13865655 0.5315321171875 0.14630250625000002
0 0.8015890906250001 0 0.8098859515625 0.158313553125 0.98230558125 0.1492774234375 0.9744822828125 0 0.8015890906250001 0
0 0.9341775484375001 0.35050953125 0.9926909984375 0.347442971875 0.98255090625 0.1539584984375 0.9240374578124999 0.157025059375 0.9341775484375001 0.35050953125
0 0.0683343359375 0.24959220937499998 0.0764709421875 0.4048478953125 0.18569604687500002 0.39912365 0.1775594421875 0.24386796562500002 0.0683343359375 0.24959220937499998
0 0.1718937484375 0.24025328125 0.1799894671875 0.3947287859375 0.345387484375 0.38606064375 0.33729176562499996 0.23158513749999998 0.1718937484375 0.24025328125
0 0.336139203125 0.060316990625 0.343539834375 0.2015294484375 0.52766215625 0.19188000624999998 0.520261525 0.05066754999999999 0.336139203125 0.060316990625
0 0.7541185968749999 0.1839235390625 0.762214315625 0.3383990453125 0.8948448000000001 0.331448175 0.88674908125 0.17697266875 0.7541185968749999 0.1839235390625
0 0.9133381265624999 0.4454803359375 0.9975974937500001 0.44106449062499997 0.9895017749999999 0.286588984375 0.9052424078125 0.29100482968749997 0.9133381265624999 0.4454803359375
0 0.6208726734375001 0 0.628519678125 0.1459135359375 0.7744132109375 0.1382675796875 0.7671669156250001 0 0.6208726734375001 0
0 0.4824416125 0.060472828125 0.48967869375 0.19856456875 0.6410334828125 0.19063239999999998 0.6337964015625001 0.052540659375 0.4824416125 0.060472828125
0 1 0.8188001765624999 0.915922828125 0.8232064749999999 0.9240594328125 0.978462159375 1 0.9744822828125 1 0.8188001765624999
0 1 0.7061457875 0.8881900109374999 0.7120055 0.8957541921875001 0.8563386749999999 1 0.850875384375 1 0.7061457875