6 0.1640626421875 0.7357267734375 0.31057986249999997 0.7254812921875 0.2989174515625 0.5587010515624999 0.15240023125 0.568946534375 0.1640626421875 0.7357267734375
6 0.42051693281249997 0.68490111875 0.55690264375 0.6753641 0.544095790625 0.492217575 0.40771008125 0.5017545937500001 0.42051693281249997 0.68490111875
6 0.5620424953125001 0.51367419375 0.7537618375 0.500267871875 0.7420449296875 0.332708284375 0.5503255874999999 0.34611460781250003 0.5620424953125001 0.51367419375
6 0.8434957265625 0.4955593828125 0.9783227421875 0.486131359375 0.9667693265624999 0.3209098125 0.8319423109375 0.3303378359375 0.8434957265625 0.4955593828125
6 1 0.5273383171875 0.9941932124999999 0.4442973859375 0.8165021156250001 0.45672275781250005 0.830344415625 0.6546768734375 1 0.6428134 1 0.5273383171875
6 0.9148583406249999 0.3065271546875 0.9873376031250001 0.3014589109375 0.9754572046875 0.131561284375 0.902977940625 0.136629528125 0.9148583406249999 0.3065271546875
6 0.7782996859375 0 0.789721878125 0.1633449484375 0.9409151796874999 0.1527724828125 0.9302322875 0 0.7782996859375 0
6 0.6393351078125 0 0.5110868453124999 0.0089679921875 0.5218773 0.16327868125 0.7026857843750001 0.1506353203125 0.6921523359374999 0 0.6393351078125 0
6 0.48253961562500003 0 0.385628378125 0.00677669375 0.38851673125 0.0480820796875 0.5007426875000001 0.040234476562499996 0.49792921874999996 0 0.48253961562500003 0
6 0.286890671875 0.1515168671875 0.27729915625 0.0143518109375 0.134678671875 0.02432480625 0.14427018593750002 0.16148986406250002 0.286890671875 0.1515168671875
6 0 0.351704496875 0.15290781874999998 0.341012140625 0.14277133125000002 0.1960536140625 0 0.20603715781249998 0 0.351704496875
6 0.10662036718750001 0.5862446140625 0.00530526875 0.5933292546875 0.0172946625 0.7647855765625 0.1186097609375 0.7577009343750001 0.10662036718750001 0.5862446140625
6 0.10451063437500001 0.7688678921875 0.0180031265625 0.7749170859375 0.031082465625 0.9619603453125001 0.1175899734375 0.9559111515625001 0.10451063437500001 0.7688678921875
1 0.6788241312500001 0.6605732578125 0.88690975625 0.64602249375 0.8755743296875 0.48391833437500004 0.667488703125 0.4984691 0.6788241312500001 0.6605732578125