6 0.0265625 0 0.0265625 0.159375 0.17578125 0.159375 0.17578125 0 0.0265625 0
6 0.93984375 0.0609375 0.75546875 0.0609375 0.75546875 0.18984375 0.93984375 0.18984375 0.93984375 0.0609375
6 0.56875 0.034375 0.4375 0.034375 0.4375 0.21875 0.56875 0.21875 0.56875 0.034375
6 0.8921875 0.19609375 0.7234375 0.19609375 0.7234375 0.3109375 0.8921875 0.3109375 0.8921875 0.19609375
6 0.99609375 0.21875 0.84453125 0.21875 0.84453125 0.42890625 0.99609375 0.42890625 0.99609375 0.21875
6 1 0.26875 0.975 0.26875 0.975 0.46171875 1 0.46171875 1 0.26875
6 0.69453125 0.79375 0.5265625 0.79375 0.5265625 0.95546875 0.69453125 0.95546875 0.69453125 0.79375
6 0.315625 0.540625 0.17421875 0.540625 0.17421875 0.70625 0.315625 0.70625 0.315625 0.540625
6 0.5234375 0.19921875 0.3265625 0.19921875 0.3265625 0.33203125 0.5234375 0.33203125 0.5234375 0.19921875
6 0 0 0 0.05078125 0.18359375 0.05078125 0.18359375 0 0 0
6 0.27109375 0.71015625 0.13359375 0.71015625 0.13359375 0.88515625 0.27109375 0.88515625 0.27109375 0.71015625