1 0.5669077984374999 1 0.5781228640625 0.9086606265625001 0.3927958875 0.8859053343750001 0.3801329 0.9890370828125 0.4694186921875 1 0.5669077984374999 1
1 0.6338808984375001 0.7045594828125 0.6090309765625 0.906945846875 0.8036630734375001 0.9308436625000001 0.8285129953125001 0.7284572984375 0.6338808984375001 0.7045594828125
1 0.777289634375 0.5238143640625 0.752630134375 0.724649875 0.871270415625 0.7392170703125001 0.8959299156249999 0.538381559375 0.777289634375 0.5238143640625
1 1 0.47717075624999994 0.8940237218749999 0.4641585046875 0.87640979375 0.607612440625 0.9888466625 0.621417953125 1 0.53058130625 1 0.47717075624999994
1 0.8811477921875 0.7805728281250001 0.9679955796874999 0.7912363953125 0.9915125546875 0.59970600625 0.904664765625 0.5890424375000001 0.8811477921875 0.7805728281250001
1 0.911147015625 0.8952397734374999 0.954570909375 0.9005715578125001 0.9699949984374999 0.7749524359375 0.9265711046874999 0.7696206515624999 0.911147015625 0.8952397734374999
7 0.2082481546875 0.420885940625 0.18520723125 0.608539196875 0.331762875 0.6265339671875 0.354803796875 0.4388807109375 0.2082481546875 0.420885940625
1 0.2263608109375 0.6836456390625 0.203795940625 0.8674217625 0.3371693296875 0.8837979546874999 0.3597342 0.7000218312500001 0.2263608109375 0.6836456390625
1 0.23715982656249998 0.5700525015625 0.22211657968749998 0.6925699171875 0.4136469703125 0.7160868921875 0.4286902171875 0.5935694765624999 0.23715982656249998 0.5700525015625
1 1 0.16389816875000002 0.871434190625 0.1481122734375 0.8508687390624999 0.3156044359375 1 0.33391545312500004 1 0.16389816875000002
1 1 0.0576373671875 0.8842875984375 0.043429671875 0.8784797624999999 0.09073069843750001 1 0.10565150781249999 1 0.0576373671875