6 1 0.049797978124999996 0.9120014484375 0.0405489578125 0.9051417687500001 0.10581445625000001 1 0.11578445781249999 1 0.049797978124999996
6 0.015406629687500001 0.910186996875 0.1809012890625 0.9275811859375 0.1998470734375 0.74732409375 0.034352414062499996 0.7299299031250001 0.015406629687500001 0.910186996875
6 0.1201246765625 0.6014730968750001 0.291835096875 0.6195205890625 0.310127578125 0.4454792578125 0.1384171578125 0.4274317640625 0.1201246765625 0.6014730968750001
6 0.39832414374999997 0.39111926874999997 0.5583800125 0.40794181875 0.5739776187500001 0.2595405046875 0.4139217515625 0.24271795468750001 0.39832414374999997 0.39111926874999997
6 0.46692680312499996 0 0.451160240625 0.1500088171875 0.6158779296875 0.16732134375000002 0.632292165625 0.0111503265625 0.52620389375 0 0.46692680312499996 0
6 0.755151546875 0.127756409375 0.7659310453125 0.0251963390625 0.59111274375 0.0068221953124999995 0.5803332453125 0.109382265625 0.755151546875 0.127756409375
3 0.90255883125 0.0631230984375 0.905008715625 0.0398139921875 0.74572981875 0.023073104687500002 0.7432799328125 0.0463822125 0.90255883125 0.0631230984375
6 0.6197045796875 0.3177642296875 0.8085083453124999 0.33760830468749997 0.8290057234375 0.1425887765625 0.6402019578125 0.12274470156249999 0.6197045796875 0.3177642296875
3 0.5190229796875 0.550703703125 0.6806327875 0.567689578125 0.6974553375 0.4076337109375 0.5358455296875 0.39064783593749997 0.5190229796875 0.550703703125
3 0.4835601828125 0.7535769421875 0.6622633359375001 0.7723594 0.6801475031249999 0.6022029203125 0.50144435 0.5834204609375 0.4835601828125 0.7535769421875
3 0.049797978124999996 0 0.0470819859375 0.025840932812500002 0.17528207499999998 0.039315304687500004 0.17941427968749998 0 0.049797978124999996 0
3 0 0.9502020218749999 0.0250639625 0.9528363515624999 0.0373133921875 0.8362908156250001 0 0.8323690203125 0 0.9502020218749999