3 0.8480800875 0 0.854933409375 0.06520500312500001 0.9559395390625 0.054588831250000004 0.9502020218749999 0 0.8480800875 0
6 0.691904834375 0.2630172671875 0.8504067609374999 0.24635804218750001 0.8361974234374999 0.111165221875 0.6776954953125001 0.127824446875 0.691904834375 0.2630172671875
4 0.1225511015625 0.5710936109375 0.0060055671875 0.583343040625 0.0210315328125 0.7263055640625 0.13757706875 0.714056134375 0.1225511015625 0.5710936109375
6 0.473796109375 0 0.43918909531250006 0.00363734375 0.45772656562499997 0.1800095859375 0.674501259375 0.1572256484375 0.657976178125 0 0.473796109375 0
6 0.081301521875 0.761605259375 0.025359665625 0.7674849859374999 0.042263878125 0.9283178234375 0.09820573437499999 0.9224380968749999 0.081301521875 0.761605259375
6 0.12859884531250002 0.5987378890625 0.270007428125 0.583875246875 0.25277656406250004 0.41993452812500004 0.11136798125 0.43479717031250004 0.12859884531250002 0.5987378890625
6 0.3854913453125 0.5615252046875 0.56885631875 0.5422527703125 0.5478689640625001 0.3425714203125 0.36450398906250003 0.36184385625000004 0.3854913453125 0.5615252046875
6 0.515156671875 0.5918878171874999 0.7062913484375 0.5717987531250001 0.6864472734375 0.3829949875 0.495312596875 0.4030840515625 0.515156671875 0.5918878171874999
6 0.8474760578125 0.42027336093749995 0.992769490625 0.40500240625000006 0.9774168718749999 0.25893200156249996 0.8321234390625 0.2742029578125 0.8474760578125 0.42027336093749995
6 1 0.5784326765625 0.99569293125 0.5374536546875001 0.7703715640625 0.561135884375 0.7916039078125 0.7631481453125 1 0.7412448328125001 1 0.5784326765625
6 0.7374889078125 0.853675621875 0.750391640625 0.9764369171875 0.9244329718750001 0.9581444375 0.9115302406250001 0.8353831406250001 0.7374889078125 0.853675621875
6 1 0.7962335671874999 0.9449446515625001 0.8020201171875 0.9609505734375 0.9543062828125001 1 0.9502020218749999 1 0.7962335671874999
3 1 0.4737961046875 0.9895029765625001 0.373923596875 0.9327841484375 0.37988498593750003 0.949770025 0.54149479375 1 0.5362154109375 1 0.4737961046875
3 0.787705825 0 0.726990040625 0.0063814859375000005 0.7457724984375 0.1850846390625 0.9384611156249999 0.16483224999999999 0.9211365484374999 0 0.787705825 0
3 0.9066356109375 0.23573483281250002 0.9742320203125001 0.2286301640625 0.9587160765625 0.08100581875 0.8911196671875 0.08811048906249999 0.9066356109375 0.23573483281250002