1 0.9502020218749999 1 0.9578994484375001 0.9267638828125 0.9182739671875 0.9225990765625 0.9101388015625 1 0.9502020218749999 1
1 0.8912855203125 1 0.9036281609374999 0.8825676265625001 0.7668814 0.8681949625 0.7530281328124999 1 0.8912855203125 1
1 0.7066804859375 1 0.7272465343750001 0.8043271171875 0.602931296875 0.791261059375 0.5819439421875 0.9909424078125 0.6681211765625 1 0.7066804859375 1
1 0.031134942187499997 0.8128603875 0.19274475 0.8298462640625001 0.2104655921875 0.6612437234375 0.048855784375 0.6442578484375 0.031134942187499997 0.8128603875
1 0.164472753125 0.7326083546875 0.3789165359375 0.7551473046875 0.3909209765625 0.64093268125 0.17647719374999998 0.6183937312500001 0.164472753125 0.7326083546875
1 0.34202382187499997 0 0.331215140625 0.10283773125 0.43688309218750004 0.11394388124999999 0.4488590765625 0 0.34202382187499997 0
1 0.28324384999999996 0.3350328546875 0.4611700328125 0.35373365 0.4770126265625 0.20300142656250003 0.29908644375 0.18430063125 0.28324384999999996 0.3350328546875
1 0.5206257375 0.3411294171875 0.6597034093749999 0.35574706875 0.6778325640625 0.183259678125 0.53875489375 0.168642025 0.5206257375 0.3411294171875
1 0.6463642093749999 0.3032840953125 0.7854418812499999 0.3179017484375 0.8033260484375001 0.1477452671875 0.6642483765625 0.133127615625 0.6463642093749999 0.3032840953125
1 1 0.49913449062500004 0.8225569281249999 0.480484471875 0.802549528125 0.670842178125 0.9804757109375 0.6895429734375 1 0.5037817609374999 1 0.49913449062500004
1 0.617614190625 0.5469260968749999 0.791655521875 0.565218578125 0.80504823125 0.43779545937500003 0.6310069 0.419502978125 0.617614190625 0.5469260968749999