6 0.1418182234375 0 0.136615940625 0.07439610937499999 0.29716140625 0.0856225421875 0.30314871718749997 0 0.1418182234375 0
6 0.0924603125 0.101068440625 0.0834682671875 0.2296606828125 0.2237507125 0.2394701859375 0.2327427578125 0.11087794531249999 0.0924603125 0.101068440625
6 0.21571218593750002 0.298428065625 0.20443125625 0.4597528765625 0.3439343546875 0.469507884375 0.355215284375 0.308183071875 0.21571218593750002 0.298428065625
3 0.7956762859375 0.0907221046875 0.784940328125 0.244253446875 0.91664995625 0.25346348124999996 0.9273859140624999 0.09993213906250001 0.7956762859375 0.0907221046875
6 0.1847459796875 0.4724731875 0.16948675156249998 0.6906903234375 0.3565300109375 0.7037696625 0.37178924062499996 0.48555252656250003 0.1847459796875 0.4724731875
6 0.0819662484375 0.9007218281249999 0.077007 0.971642396875 0.264050259375 0.9847217359375 0.2690095078125 0.9138011671875 0.0819662484375 0.9007218281249999
6 0.8818978265625 0.9856353296875 0.9668466390624999 0.991575528125 0.978945028125 0.8185605140625001 0.8939962140625 0.8126203140625 0.8818978265625 0.9856353296875
6 0.9122196593749999 1 0.9162325421874999 0.9426130984375 0.7260718953125 0.9293157703125001 0.7211291734375 1 0.9122196593749999 1
6 0.6447508562500001 0.33391147656250003 0.6322164890625 0.513161265625 0.7935413 0.5244421953125 0.8060756671875 0.34519240625 0.6447508562500001 0.33391147656250003
6 0.27907293437499997 0.086707146875 0.26779200468750003 0.2480319578125 0.3948255515625 0.2569150078125 0.40610648125 0.095590196875 0.27907293437499997 0.086707146875
6 0.1941625953125 0.1810138265625 0.182881665625 0.34233863750000004 0.3036804375 0.3507857109375 0.3149613671875 0.1894609 0.1941625953125 0.1810138265625
6 1 0.1566982203125 0.9245684421875 0.1514235328125 0.9126335453125 0.32210050625000003 1 0.3282097640625 1 0.1566982203125
6 0.558831409375 0.162657121875 0.5474959828125 0.3247612796875 0.7244077328125 0.3371321546875 0.735743159375 0.1750279953125 0.558831409375 0.162657121875
6 0.4566476328125 0 0.44898694843750003 0.1095529 0.618105228125 0.1213788015625 0.6260618265625 0.007594153125 0.5174603859375 0 0.4566476328125 0
6 0.3494720734375 0.636707715625 0.33737368437500004 0.8097227312499999 0.50883000625 0.821712125 0.52092839375 0.648697109375 0.3494720734375 0.636707715625
6 0.8330212109374999 0.6094344625 0.8214677953124999 0.7746560078125 0.9788958718749999 0.7856644515625 0.9904492875 0.62044290625 0.8330212109374999 0.6094344625