1 1 0.0418344125 0.9187074375 0.0347222359375 0.915234825 0.0744143671875 1 0.081830359375 1 0.0418344125
1 1 0.10065198125000001 0.8754650765624999 0.0897565875 0.8634811625 0.226733359375 1 0.23867720937499998 1 0.10065198125000001
1 1 0.28494702968749996 0.8003147671875 0.2674768359375 0.7894203 0.3920011734375 0.9894375156249999 0.4095004125 1 0.2887706734375 1 0.28494702968749996
1 0.8209955609374999 0.9633334796874999 0.8351583703125 0.8014518421875 0.6662722375000001 0.7866762203125 0.6521094296875 0.9485578578125 0.8209955609374999 0.9633334796874999
1 0.7384286859375 0.8314165687499999 0.7572216421875 0.6166120875 0.6428149078125001 0.6066027953125 0.6240219515625001 0.8214072765625 0.7384286859375 0.8314165687499999
1 0 0.666430446875 0.1058439234375 0.675690590625 0.1151042203125 0.569844903125 0 0.5597745890625 0 0.666430446875
1 0.33884089687499996 0.7196022109375 0.35443360468749996 0.541376753125 0.20344784531250001 0.5281672109375 0.1878551375 0.7063926687500001 0.33884089687499996 0.7196022109375
1 0.3407936453125 0.482150078125 0.35298183125000004 0.34283847500000003 0.1802043125 0.3277224015625 0.1680161265625 0.46703400312500004 0.3407936453125 0.482150078125
1 0.3007596484375 0.3570912484375 0.31294783437499996 0.2177796453125 0.1425051484375 0.20286784375 0.1303169625 0.3421794453125 0.3007596484375 0.3570912484375
1 0.4904164015625 0 0.47485805000000003 0.177832790625 0.665535940625 0.1945149453125 0.6811286484375 0.016289487499999998 0.4949389625 0 0.4904164015625 0
1 0.5448662984375 0.38158475 0.5601185531249999 0.207250678125 0.43248110781250004 0.19608384843749999 0.417228853125 0.3704179203125 0.5448662984375 0.38158475