3 0.1590991890625 0.3004811921875 0.29885775 0.30536166875 0.3039836125 0.158576140625 0.1642250515625 0.1536956640625 0.1590991890625 0.3004811921875
3 0.9828443874999999 1 0.988707525 0.8321017046874999 0.9043839234375 0.8291570593750001 0.8984179578125 1 0.9828443874999999 1
3 0.7305712875 0.3220008890625 0.9046839078125 0.32808103593750004 0.9102460156250001 0.16880312343749998 0.7361333937500001 0.1627229765625 0.7305712875 0.3220008890625
3 0.5993020984374999 0.29787371406249996 0.7359375625 0.3026451296875 0.7421267703125001 0.12540941249999998 0.6054913046875 0.12063799687500001 0.5993020984374999 0.29787371406249996
3 0.032469998437499994 0.5016531953125 0.19565178125 0.507351628125 0.20058678749999997 0.3660315203125 0.0374050046875 0.3603330859375 0.032469998437499994 0.5016531953125
3 0.16697383125 0.45553796875 0.3371825828125 0.4614817890625 0.34326272812499997 0.28736916875 0.173053978125 0.2814253484375 0.16697383125 0.45553796875
3 0.259323328125 0.2062653203125 0.4209435640625 0.21190922343750002 0.4265874671875 0.05028898750000001 0.26496723125 0.044645084375 0.259323328125 0.2062653203125
3 0.35665237968749997 0.329268234375 0.5323265484374999 0.3354029125 0.5376977984375 0.1815904171875 0.3620236296875 0.175455740625 0.35665237968749997 0.329268234375
3 0.331627871875 0.911562109375 0.4659210140625 0.9162517296875 0.47121046875 0.7647815578125 0.3369173265625 0.7600919375 0.331627871875 0.911562109375
6 0.41410244531249996 0.5868989046875 0.6085151921875 0.5936879484375 0.6154132953125 0.3961521046875 0.4210005484375 0.3893630625 0.41410244531249996 0.5868989046875
6 0.060689446875 0.1860395265625 0.0107199046875 0.18429455156250002 0.00474881875 0.3552840765625 0.0547183609375 0.3570290515625 0.060689446875 0.1860395265625
6 0.7348569046875 0.064962625 0.736847265625 0.0079661171875 0.5892809640625 0.0028129875 0.5872906015625 0.0598094953125 0.7348569046875 0.064962625