6 0.806281134375 0.3282942 0.9459332343750001 0.33561305625000004 0.9532520906249999 0.19596095625 0.813599990625 0.18864209999999998 0.806281134375 0.3282942
6 0.7224516249999999 0.2261106125 0.8441596 0.2324890578125 0.8536046046875001 0.0522676328125 0.7318966296875 0.0458891890625 0.7224516249999999 0.2261106125
6 1 0.026300039062500002 0.8452204343749999 0.018188385937500003 0.837165603125 0.1718837125 1 0.1804175015625 1 0.026300039062500002
6 0.255379571875 0.7938502671875 0.42623884375000004 0.8028046218749999 0.43531586093749997 0.6296048125 0.2644565890625 0.6206504578125001 0.255379571875 0.7938502671875
6 0 0.9549242296875 0.0496564765625 0.9575266156250001 0.0579157453125 0.7999303921875 0 0.79689515625 0 0.9549242296875
6 0.5961808421875 0.381433725 0.7397338375 0.38895701875 0.750119253125 0.19079147031250002 0.6065662578125 0.1832681765625 0.5961808421875 0.381433725
6 0.49693451718750004 0.379361734375 0.6264442859375 0.386149053125 0.6338449171875 0.244936596875 0.5043351484375 0.2381492765625 0.49693451718750004 0.379361734375
6 0.446809634375 0.24608700312499998 0.5927031671874999 0.2537329578125 0.6005535609375 0.103938528125 0.454660028125 0.096292571875 0.446809634375 0.24608700312499998
6 1 0.14677765 0.9348858218749999 0.143365159375 0.92384620625 0.3540135765625 1 0.358004628125 1 0.14677765
6 0.7733799109375 0.46347629531249995 0.9340968515625001 0.47189911249999994 0.94337830625 0.29479840625 0.782661365625 0.2863755875 0.7733799109375 0.46347629531249995
6 0.183844996875 0.2182238109375 0.30789350937500004 0.22472491875 0.31652076406249996 0.060107081250000007 0.1924722515625 0.053605973437499996 0.183844996875 0.2182238109375