0 0.9374579265625 0.9568230796874999 0.9545512703125001 0.9586196625 0.971618809375 0.796232884375 0.9545254640625 0.7944363015625 0.9374579265625 0.9568230796874999
0 0.5864743828125001 0.15558981875 0.575449896875 0.26048079999999996 0.7207433296875 0.27575175625 0.731767815625 0.17086077500000002 0.5864743828125001 0.15558981875
0 1 0.049797978124999996 0.8778147578125 0.036955792187499996 0.8595222765624999 0.21099712343750002 1 0.2257619265625 1 0.049797978124999996
0 1 0.23047524687499998 0.972469953125 0.22758172187499998 0.9522175640625001 0.42027033906250005 1 0.4252924765625 1 0.23047524687499998
0 0.11282126562499999 0.18514775781249998 0.09657035625 0.339764834375 0.2053461875 0.35119763437499996 0.22159709843750003 0.19658055937500002 0.11282126562499999 0.18514775781249998
0 0.21656662031249999 0.1921240671875 0.20039737343750003 0.34596417343749997 0.36511506250000003 0.3632767 0.381284309375 0.2094365953125 0.21656662031249999 0.1921240671875
0 0.406938178125 0.0400967421875 0.3921572 0.18072835468749998 0.5755221749999999 0.20000078906250002 0.590303153125 0.059369178125 0.406938178125 0.0400967421875
0 0.800435228125 0.2275678703125 0.78426598125 0.3814079765625 0.9163509203125001 0.3952906625 0.9325201671875 0.2414505578125 0.800435228125 0.2275678703125
0 1 0.364019315625 0.93294725 0.35697178749999997 0.916778003125 0.5108118921875 1 0.5195588765625 1 0.364019315625
0 0.827622146875 0.185648790625 0.84362806875 0.033362625 0.698334634375 0.0180916703125 0.6823287140625001 0.1703778359375 0.827622146875 0.185648790625
0 0.5514149828125 0.0631374 0.53696065625 0.20066113125 0.68769288125 0.2165037265625 0.7021472078125 0.0789799953125 0.5514149828125 0.0631374
0 0.9502020218749999 1 0.961247625 0.8949081031249999 0.8602414953125 0.8842919312499999 0.8480800875 1 0.9502020218749999 1
0 0.8351381515625 0.91386115 0.9578994484375001 0.9267638828125 0.973007078125 0.783024390625 0.8502457812499999 0.7701216578125 0.8351381515625 0.91386115