1 0.911666996875 0.3174517515625 0.9697445109375 0.30510699531249996 0.928649465625 0.11177000781249999 0.8705719515625001 0.1241147640625 0.911666996875 0.3174517515625
1 1 0.5103324437500001 0.9768723703125 0.5152483734375 1 0.6240553171875 1 0.5103324437500001
1 0.41394329062499996 0.5047139578125 0.4422062859375 0.637680896875 0.6485342968750001 0.5938245249999999 0.6202713 0.46085758437499996 0.41394329062499996 0.5047139578125
1 0.47740644374999996 0.634192390625 0.5009589390625 0.7449981734375 0.688182503125 0.7052025765625001 0.6646300078125 0.59439679375 0.47740644374999996 0.634192390625
1 0.7614516828125 0.5802063390625001 0.789714678125 0.7131732796875 0.956305440625 0.6777633187500001 0.9280424453125 0.5447963796875 0.7614516828125 0.5802063390625001
1 0.8101260921875 0.677685259375 0.8361150531250001 0.799953709375 0.9782521265625 0.7697415421875 0.952263165625 0.6474730921875 0.8101260921875 0.677685259375
1 0.6061444703125 0.1276061234375 0.6303466906249999 0.24146861875 0.8343821671875 0.1980995390625 0.8101799468750001 0.08423704531250001 0.6061444703125 0.1276061234375
1 0.1645951953125 1 0.14059533125 0.8870895171875001 0.0741118625 0.9012210140624999 0.095107984375 1 0.1645951953125 1
1 0.0916001234375 0.686646021875 0.125873065625 0.8478875406249999 0.31691751875 0.8072797890625001 0.28264457656249997 0.6460382703125 0.0916001234375 0.686646021875
1 0.1449931578125 0.603413659375 0.016611284375 0.63070206875 0.0387019015625 0.7346302515625001 0.167083775 0.7073418421875 0.1449931578125 0.603413659375
1 1 0.7651188875 0.8926642109375 0.7879338140625001 0.9210896375000001 0.9216649312499999 1 0.904892015625 1 0.7651188875
1 0.61986716875 0.9361721218750001 0.629937890625 0.9835511453124999 0.7728391421875 0.9531765468750001 0.7627684203125 0.9057975234375 0.61986716875 0.9361721218750001
1 0.8005009953125001 0.9217383234375 0.8056987875000001 0.9461920140625001 0.9486000390625 0.9158174156250001 0.943402246875 0.891363725 0.8005009953125001 0.9217383234375
6 0.1301796046875 0.2894770515625 0.16607685781249998 0.45836034843749995 0.3303750875 0.42343768125 0.29447783437499997 0.2545543859375 0.1301796046875 0.2894770515625