6 0.654137290625 0.38670421875 0.6951314109375 0.17580775312500002 0.46352874687499995 0.13078875625 0.4225346265625 0.341685221875 0.654137290625 0.38670421875
1 0.7503688875 0.8701992390625 0.78286604375 0.703015859375 0.591141984375 0.6657484765625 0.558644828125 0.8329318562499999 0.7503688875 0.8701992390625
1 0.26103329531249997 0.906400984375 0.250449359375 0.9608506171875 0.3938589546875 0.98872661875 0.4044428921875 0.9342769859375 0.26103329531249997 0.906400984375
1 0.7314320453125001 0.5418023421875 0.7660161765625 0.363882415625 0.60190038125 0.33198153750000003 0.56731625 0.5099014640624999 0.7314320453125001 0.5418023421875
1 0.7412278375 0.143382625 0.761054084375 0.0413854265625 0.5854348468749999 0.0072485046875 0.5656086 0.10924570468749999 0.7412278375 0.143382625
6 0.863619975 1 0.8903678906250001 0.8623939015625 0.710147275 0.8273625625 0.680631509375 0.9792080171875 0.7875969875 1 0.863619975 1
6 0.567238609375 0.9770634812500001 0.604505990625 0.785339421875 0.4081805546875 0.7471776234374999 0.370913171875 0.9389016828125 0.567238609375 0.9770634812500001
6 0 0.91216819375 0.1070397625 0.932974615625 0.1186671859375 0.8731567078125 0 0.8500901437499999 0 0.91216819375
1 1 0.24515828593750003 0.972076 0.3888148125 1 0.39424268906250004 1 0.24515828593750003
6 0.25571904375 0.7453976421874999 0.28568201875 0.5912514984375 0.1399717328125 0.5629282875 0.1100087578125 0.71707443125 0.25571904375 0.7453976421874999
3 0.46519122968750004 0.834663128125 0.49783745625 0.6667128515625 0.344458209375 0.6368989468749999 0.3118119828125 0.8048492218750001 0.46519122968750004 0.834663128125