7 0.6301814890624999 0.051792118750000005 0.45973880312500004 0.066703921875 0.47288025468750006 0.21691140468749998 0.643322940625 0.2019996015625 0.6301814890624999 0.051792118750000005
6 1 0.47816952031250004 0.9889051421874999 0.35135471875 0.83247144375 0.36504089375 0.8463618890625 0.5238094249999999 1 0.51036783125 1 0.47816952031250004
6 0.9317832718749999 0.030110787500000003 0.7854671765625 0.0429117875 0.800515159375 0.21491102812500001 0.94683125625 0.20211002812499998 0.9317832718749999 0.030110787500000003
6 0.5021796000000001 0.46216606562500007 0.33095863593749997 0.47714595937500004 0.3467556140625 0.6577062484375 0.5179765781250001 0.6427263546875001 0.5021796000000001 0.46216606562500007
6 0.68211513125 0 0.6911880421875 0.1037038375 0.8413955234375001 0.0905623859375 0.833472340625 0 0.68211513125 0
6 0.4916703875 0.6826710921875 0.31811459375 0.69785525625 0.3300985078125 0.834832028125 0.503654303125 0.8196478624999999 0.4916703875 0.6826710921875
6 0.9579606890625 0.19486245625 0.8287666890625 0.206165465625 0.8393887953125001 0.3275766953125 0.9685827953124999 0.316273684375 0.9579606890625 0.19486245625
6 0 0.2880839671875 0.1517044140625 0.27481155 0.1387672328125 0.12693890000000002 0 0.1390794609375 0 0.2880839671875
6 0.66708579375 0.5363571140625 0.504425878125 0.5505880125 0.5189291375 0.7163610359375 0.681589053125 0.7021301375 0.66708579375 0.5363571140625
6 1 0.605260175 0.8444832281249999 0.6188661296875 0.858373675 0.777634659375 1 0.7652439609374999 1 0.605260175
3 0 0.521830471875 0.00115365625 0.5350168234375 0.16459184843750002 0.520717834375 0.1498162265625 0.3518317015625 0 0.3649389234375 0 0.521830471875