1 0.9054623562499999 0.9585674609374999 0.9764586734374999 0.9622882203125 0.9838593046874999 0.8210757624999999 0.9128629875 0.8173550031250001 0.9054623562499999 0.9585674609374999
1 0.6765836015625 0.9520486890625 0.8669473562500001 0.9620252296875 0.8743479875 0.8208127734374999 0.6839842328125 0.81083623125 0.6765836015625 0.9520486890625
6 1 0.0255177171875 0.9357621234375 0.0221511515625 0.9284432671875 0.1618032515625 1 0.1655533796875 1 0.0255177171875
1 0.6753701624999999 0.48259180781250005 0.8649537390625 0.4925274625 0.8723543703125 0.3513150046875 0.6827707937499999 0.34137935 0.6753701624999999 0.48259180781250005
1 0.8475832015625 0.8538322640624999 0.9817740453124999 0.8608649078124999 0.9892155640625001 0.718872271875 0.8550247203125 0.7118396265625 0.8475832015625 0.8538322640624999
1 0.6175882921875 0.629769440625 0.7790854125 0.6382331453125001 0.78677225625 0.4915594328125 0.6252751359375 0.4830957265625 0.6175882921875 0.629769440625
7 0 0.9744822828125 0.11026845625 0.9802612078124999 0.1184868375 0.8234451640625 0 0.8172355328125 0 0.9744822828125
7 0.13684647187500001 0.846312371875 0.129772940625 0.9812833953125001 0.2600628875 0.9881116015625 0.26713641875 0.8531405781249999 0.13684647187500001 0.846312371875
1 0.313328309375 0.6584162124999999 0.48418758124999994 0.6673705671875 0.4931828234375 0.49573111562500005 0.3223235515625 0.4867767609375 0.313328309375 0.6584162124999999
7 0 0.6717236125 0.027009131250000002 0.6731391015625 0.0359226 0.5030600093750001 0 0.5011773859375 0 0.6717236125
5 0.032861596874999996 0.7704537625000001 0.177194771875 0.77801794375 0.185290490625 0.6235424375 0.040957315625000004 0.61597825625 0.032861596874999996 0.7704537625000001
5 0.0831775640625 0.28805097968750004 0.24935575937499999 0.29676001093750004 0.258351003125 0.125120559375 0.09217280624999999 0.11641152968749999 0.0831775640625 0.28805097968750004
5 0.43545452031250004 0 0.4274487953125 0.15275833125 0.5343333640625 0.1583599140625 0.54255174375 0.00154386875 0.5130929734375 0 0.43545452031250004 0