6 0.784786453125 0.20450432031250002 0.6429160984375 0.24251836875000002 0.68618740625 0.4040090921875 0.8280577625 0.3659950453125 0.784786453125 0.20450432031250002
6 0.5427419421875 0.3033299515625 0.4106817703125 0.33871536875 0.4581993296875 0.5160533125 0.5902595015625 0.480667896875 0.5427419421875 0.3033299515625
6 0.43648824062499997 0.49841530624999997 0.2508493703125 0.548157090625 0.29432288125 0.7104024453125 0.4799617515625 0.660660659375 0.43648824062499997 0.49841530624999997
6 0.1636625671875 0.56990110625 0.0331116546875 0.6048821171875 0.075978559375 0.7648635828125 0.206529471875 0.7298825703125 0.1636625671875 0.56990110625
6 0 0.5537521765625 0.025515068749999998 0.6489757109375 0.1975706078125 0.60287356875 0.146211203125 0.41119766249999995 0 0.4503748359375 0 0.5537521765625
6 0.12968013437499998 0.7690769078125 0.0594995859375 0.787881728125 0.1035797046875 0.9523909703125 0.173760253125 0.93358615 0.12968013437499998 0.7690769078125
6 0.310450790625 1 0.279837940625 0.8857512906249999 0.1334398078125 0.9249785515625 0.15354174375000001 1 0.310450790625 1
6 0.52356699375 1 0.582810175 0.9841258375 0.5427741046875 0.8347091859375 0.36770004843750004 0.8816201375 0.39941983593749997 1 0.52356699375 1
6 0.5869983546875 0.9514600468750001 0.59771508125 0.9914554125 0.7063817375 0.9623382703125 0.6956650109375 0.9223429046874999 0.5869983546875 0.9514600468750001
6 0.7756876265625 0.8014173390625 0.8112752453125 0.9342321390625001 0.9493724531250001 0.8972291046875001 0.9137848343750001 0.7644143031249999 0.7756876265625 0.8014173390625
6 1 0.5552868296875 0.8710514343750001 0.5898384953125 0.9086610765625001 0.7301995906250001 1 0.7057254000000001 1 0.5552868296875
6 0.86969589375 0.3402795703125 0.9677977343749999 0.3139932609375 0.9233132109375 0.147974759375 0.8252113703124999 0.17426106875 0.86969589375 0.3402795703125
6 0.7938856375000001 0 0.8369207 0.1606090390625 0.9206845796875 0.13816457499999998 0.88366349375 0 0.7938856375000001 0
1 0.29382255 0.37649817812499997 0.092336459375 0.4304862140625 0.1343945546875 0.587449159375 0.3358806453125 0.533461125 0.29382255 0.37649817812499997