6 1 0.8038290859374999 0.8711428625 0.8083288765625 0.8763232562500001 0.956675953125 1 0.952357065625 1 0.8038290859374999
6 1 0.584164021875 0.9727897046875 0.5851142265625 0.9779428328125 0.7326805281250001 1 0.7319102749999999 1 0.584164021875
6 0.457050028125 0.7923019953125 0.46307564531249995 0.9648530671875 0.6028342062500001 0.9599725906250001 0.5968085890625 0.78742151875 0.457050028125 0.7923019953125
6 0.20110970312499998 0.044528659375 0.20574479375000002 0.1772602546875 0.370488125 0.171507290625 0.36585303593749996 0.038775696875 0.20110970312499998 0.044528659375
3 0.44163528750000003 0.574738678125 0.44621584687500004 0.7059087234375 0.584412859375 0.701082778125 0.5798323015625 0.56991273125 0.44163528750000003 0.574738678125
6 0.83565596875 0.1279028546875 0.842608603125 0.3270002453125 0.97846329375 0.3222560953125 0.971510659375 0.12315870312499999 0.83565596875 0.1279028546875
6 0.8734027187500001 0 0.8782540140625 0.1389229171875 0.9875623859375 0.135105784375 0.9828443874999999 0 0.8734027187500001 0
6 0.7936666453125001 0 0.7981242828124999 0.12765003749999998 0.8840094328125 0.1246508609375 0.8796565281250001 0 0.7936666453125001 0
6 0.72672188125 0.1872094765625 0.7318477453125001 0.3339950046875 0.857552371875 0.3296053015625 0.8524265078125 0.182819775 0.72672188125 0.1872094765625
6 0.2535207765625 0.5156427796874999 0.2588920265625 0.669455275 0.439250840625 0.66315700625 0.433879590625 0.5093445109375 0.2535207765625 0.5156427796874999
6 0.054678690625000005 0.55229209375 0.001586053125 0.5541461296875 0.0070390984375 0.710300946875 0.0601317359375 0.7084469109375 0.054678690625000005 0.55229209375