6 0.44797959374999996 0.6532749765625 0.2995647015625 0.6558655671875 0.3012826734375 0.7542880750000001 0.449697565625 0.7516974828125 0.44797959374999996 0.6532749765625
6 0.6885485828125 0.5584370234375 0.5612242281250001 0.560659478125 0.5644011124999999 0.7426630046875 0.6917254671874999 0.74044055 0.6885485828125 0.5584370234375
6 0.7514639187500001 0.40262776875000006 0.5546189046875 0.40606371250000006 0.556595934375 0.5193277078125 0.75344095 0.5158917656249999 0.7514639187500001 0.40262776875000006
6 0.8264349078125001 0.445075809375 0.699891684375 0.4472846296875 0.7027277 0.60975988125 0.829270925 0.6075510609375 0.8264349078125001 0.445075809375
6 0.9264214515625 0.5777260078124999 0.74832358125 0.5808347171875 0.7501506296875 0.6855062734375 0.9282484999999999 0.6823975625 0.9264214515625 0.5777260078124999
6 0.94456116875 0.31877623593750004 0.9968969453125001 0.31786271250000003 0.994674490625 0.1905383578125 0.9423387125 0.19145188124999998 0.94456116875 0.31877623593750004
5 0.968600753125 0.44259429531250005 0.9990648625 0.44206254375 0.9964879046874999 0.29442878125 0.9660237953124999 0.294960534375 0.968600753125 0.44259429531250005
6 0 0.43918569218750003 0.0910361234375 0.43759665 0.087831971875 0.2540308609375 0 0.25556397343750004 0 0.43918569218750003
5 0.4393506078125 0.2932144828125 0.333897921875 0.2950551671875 0.3373474984375 0.49268131249999997 0.44280018437499996 0.49084062968750003 0.4393506078125 0.2932144828125
5 0.6396527015625 0.7116574609375 0.44046429375 0.7151343078125 0.44218226562499996 0.8135568140625 0.6413706734375 0.81007996875 0.6396527015625 0.7116574609375
6 0.41605915781249997 0.0779631921875 0.266082003125 0.080581053125 0.2677590703125 0.1766601671875 0.41773622499999996 0.17404230625 0.41605915781249997 0.0779631921875
6 0.504363428125 1 0.6079298421875 0.9981922421875 0.6064709296874999 0.9146112234375 0.4814899671875 0.9167927734375001 0.48294235468749996 1 0.504363428125 1
6 0.2219873078125 0.64315504375 0.08216485625 0.645595653125 0.08463273593750001 0.7869803671875 0.2244551859375 0.7845397562499999 0.2219873078125 0.64315504375
6 0.26935392343750003 0.5813814734375 0.152965403125 0.58341304375 0.1550378765625 0.70214495625 0.27142639687500003 0.7001133875 0.26935392343750003 0.5813814734375
6 0.1765651296875 0.413444034375 0.061738870312500006 0.415448334375 0.0647794078125 0.58964055 0.179605665625 0.58763625 0.1765651296875 0.413444034375
6 0 0.5043634359375 0.0023258765625 0.6376128203125 0.100748384375 0.6358948484375 0.09792600312500001 0.47420072968750004 0 0.4759100328125 0 0.5043634359375
6 0.031054426562499998 0.58241553125 0.0013714484375000001 0.58293365 0.0037711546875 0.7204127078125 0.033454132812499995 0.7198945890624999 0.031054426562499998 0.58241553125
6 0.22163716406249998 0.26497855625 0.0786901890625 0.2674737046875 0.08160801250000001 0.4346357421875 0.2245549890625 0.43214059374999997 0.22163716406249998 0.26497855625
6 0.32476404531249997 0.21942180625000002 0.1919717734375 0.221739703125 0.194835059375 0.385777215625 0.32762733125 0.38345931875 0.32476404531249997 0.21942180625000002
6 0.19698974687499998 0.1958669375 0.073571046875 0.19802121875 0.0750708625 0.2839456296875 0.1984895625 0.2817913484375 0.19698974687499998 0.1958669375
6 0.32107081875 0.1421307390625 0.22186717968749997 0.1438623453125 0.22418507812500002 0.2766546171875 0.323388715625 0.2749230109375 0.32107081875 0.1421307390625
6 0.1971555421875 0.02630696875 0.05889535312500001 0.028720309375000003 0.0611450765625 0.1576069265625 0.199405265625 0.1551935859375 0.1971555421875 0.02630696875
6 0 0.23290427343750003 0.0741573375 0.23160985156249997 0.07133495625 0.06991573281249999 0 0.0711608890625 0 0.23290427343750003