6 0 0.9828443874999999 0.0406321203125 0.9842632921875 0.045021821875 0.8585586656249999 0 0.8569864687500001 0 0.9828443874999999
6 0 0.876529621875 0.135690759375 0.8812680484375001 0.141116540625 0.72589400625 0 0.7209661078125 0 0.876529621875
6 0.413158146875 0.0990687765625 0.237483978125 0.09293409999999999 0.23140383125000002 0.2670467203125 0.407078 0.273181396875 0.413158146875 0.0990687765625
6 0.892511275 0.27371685 0.7449449734375 0.268563721875 0.7381831953125 0.46219569375 0.8857494984375001 0.4673488234375 0.892511275 0.27371685
6 0.9788252046875 0.46590874062500004 0.7812893625 0.45901063750000004 0.77436399375 0.6573272546875 0.9718998359375 0.6642253578124999 0.9788252046875 0.46590874062500004
6 0.213203028125 0.9449494812499999 0.2116216453125 0.990234378125 0.3677764609375 0.9956874250000001 0.36935784531250004 0.9504025281249999 0.213203028125 0.9449494812499999
6 0.0984551375 0 0.095410359375 0.087191053125 0.274207625 0.093434790625 0.2774704390625 0 0.0984551375 0
3 0.922825171875 0.0324403109375 0.7174815875 0.0252695546875 0.7112378500000001 0.2040668203125 0.9165814328125 0.2112375765625 0.922825171875 0.0324403109375
3 0.8414460828125 0.9301470796875 0.9851085140625001 0.9351638828125 0.9912431921874999 0.7594897140625 0.8475807609375 0.7544729109375 0.8414460828125 0.9301470796875
3 0.3053071375 0.7027037984375 0.16164470625 0.697686996875 0.15616439531249998 0.8546225875 0.29982682656250004 0.8596393890625 0.3053071375 0.7027037984375
3 0.16432416249999998 0.4194860359375 0.02612715 0.41466008906249996 0.0211376125 0.557541746875 0.159334625 0.5623676921875 0.16432416249999998 0.4194860359375