6 0.335455665625 0.77824521875 0.4963742265625 0.8008608468749999 0.5195335015625 0.6360740515625001 0.358614940625 0.613458421875 0.335455665625 0.77824521875
6 0.8112653640625 0.46327485937499996 0.9621265156250001 0.4844770109375 0.9844159578125 0.32587939062500004 0.8335548062499999 0.3046772390625 0.8112653640625 0.46327485937499996
6 0.554180246875 0.95651445 0.7220616296875 0.980108640625 0.744677259375 0.819190078125 0.576795875 0.7955958890625 0.554180246875 0.95651445
6 0.47165444375 0 0.44896030781249996 0.1614771671875 0.6385038046875 0.18811576875 0.66242418125 0.01791344375 0.5349634078125 0 0.47165444375 0
6 1 0.06535663124999999 0.841136621875 0.043029839062500005 0.8385271265625001 0.061597365625 1 0.0842908984375 1 0.06535663124999999
6 0 0.7279442875 0.14170520312499998 0.7478596546875 0.16464701875 0.584620153125 0.0106912796875 0.562983084375 0 0.63905549375 0 0.7279442875
6 0.16242230468750002 0.43204442656250003 0.3403610984375 0.45705209375000005 0.3628679984375 0.296907178125 0.18492920468750002 0.2718995125 0.16242230468750002 0.43204442656250003
6 0.3017749796875 0.299366103125 0.4835820078125 0.324917415625 0.507828571875 0.15239415 0.3260215421875 0.1268428390625 0.3017749796875 0.299366103125
3 0.4028968078125 0.652027871875 0.5730991328124999 0.6759482484375 0.5948449296875 0.5212188640625001 0.42464260468750004 0.4972984859375 0.4028968078125 0.652027871875
6 0.47729247968750005 0.27985352343750003 0.6180962203125 0.2996421984375 0.6365801484375 0.1681222203125 0.4957764078125 0.1483335453125 0.47729247968750005 0.27985352343750003
6 0.06535663124999999 0 0.057816981249999996 0.0536473953125 0.13131343906249998 0.0639766484375 0.14030477187499998 0 0.06535663124999999 0