6 0.109353146875 0.7941466187499999 0.0832659796875 0.928353459375 0.2205404046875 0.9550369046875 0.2466275734375 0.8208300640624999 0.109353146875 0.7941466187499999
6 0 0.9121681921875 0.1246783765625 0.9364032140624999 0.13034301718750002 0.9072611578125 0 0.8819250421874999 0 0.9121681921875
6 0 0.8922713828125 0.069354103125 0.9057524546875 0.10155312187500001 0.7401028671875001 0 0.7203629406250001 0 0.8922713828125
6 0 0.6590807640625 0.1521431828125 0.6886544031249999 0.1903049828125 0.49232896562499995 0.0016485078125 0.4556578625 0 0.4641387 0 0.6590807640625
6 0.0878318078125 0 0.084764659375 0.015779109375 0.14611635781250001 0.027704671874999996 0.1515016 0 0.0878318078125 0
6 0.09021942499999999 0 0.07901559375 0.057638715625 0.23699621718750002 0.0883470375 0.2541691421875 0 0.09021942499999999 0
6 0.4913970640625 0.5524470828125 0.5349253671875001 0.32851338124999996 0.386147496875 0.29959389375 0.3426191953125 0.5235275953125 0.4913970640625 0.5524470828125
6 0.3472562859375 0.7576195718750001 0.38348018125 0.5712637875000001 0.2446719625 0.5442822031250001 0.20844806718750003 0.7306379875 0.3472562859375 0.7576195718750001
6 0.2617751015625 0.8452629999999999 0.28786226875 0.711056159375 0.080800284375 0.6708073859375 0.05471311718750001 0.805014228125 0.2617751015625 0.8452629999999999
6 0.20585455156250002 0.8176798249999999 0.1806618015625 0.9472852890624999 0.35474724687500003 0.981124071875 0.379939996875 0.8515186078125 0.20585455156250002 0.8176798249999999
6 0.139264471875 0.148937153125 0.0618079515625 0.13388113125 0.0354226453125 0.2696217640625 0.112879165625 0.2846777875 0.139264471875 0.148937153125