3 0.8239523500000001 1 0.8315653375000001 0.9670245312500001 0.700634359375 0.9367967328125 0.6860427359375 1 0.8239523500000001 1
6 0 0.7654209437499999 0.016116871875 0.7691418171875 0.0584709375 0.5856862031250001 0 0.5721871234375 0 0.7654209437499999
6 1 0.14557924687499998 0.8755045328125 0.11683720312500001 0.8333262093749999 0.299531590625 1 0.3380112671875 1 0.14557924687499998
6 0.4654643015625 0.3613333921875 0.508872825 0.17331041875 0.350537690625 0.136755871875 0.3071291671875 0.3247788453125 0.4654643015625 0.3613333921875
6 0.1310092359375 0.1117313375 0.0792458265625 0.09978081250000001 0.037418989062500005 0.280952746875 0.0891823984375 0.292903271875 0.1310092359375 0.1117313375
6 0.10228204062499999 0 0.06957996093749999 0.1416482765625 0.1084025171875 0.1506111703125 0.1431738453125 0 0.10228204062499999 0
6 0.20330885156249998 0 0.20275203125000002 0.0024118546875000002 0.37022188749999996 0.0410753171875 0.379704871875 0 0.20330885156249998 0
6 0.3241703625 0.3134789140625 0.36353679687499996 0.142964153125 0.19835062187500002 0.10482792031249999 0.1589841875 0.27534268125 0.3241703625 0.3134789140625
6 0.0999580390625 0.2809586234375 0.0405823640625 0.2672506671875 0.007191190625000001 0.41188372500000003 0.0665668671875 0.4255916796875 0.0999580390625 0.2809586234375
6 0.806913834375 0.9557206828125 0.9028283874999999 0.9778643015625 0.9388557046875 0.8218128453125001 0.8429411515625 0.7996692265625 0.806913834375 0.9557206828125
6 0.8977179578125 1 0.9023011578125001 0.98014798125 0.8406418015625 0.9659127968749999 0.8327721515625001 1 0.8977179578125 1
6 0.9865853625 0.1392750328125 0.9953725140625 0.10121370156250001 0.8142005796875 0.05938686562499999 0.8054134296875001 0.097448196875 0.9865853625 0.1392750328125