7 0 0.513092959375 0.005632615625 0.6205696765625001 0.0571244515625 0.6178711031249999 0.046902584375 0.422826271875 0 0.42528433281250005 0 0.513092959375
1 0.7098096015625 0.9357102890625001 0.7126308359375 0.9895426625000001 0.916257640625 0.9788710343749999 0.9134364046875 0.9250386609374999 0.7098096015625 0.9357102890625001
1 0.5109147140625 0.9023238890625 0.516025646875 0.9998463046875001 0.7180920921875 0.9892564515625001 0.7129811593750001 0.8917340359375 0.5109147140625 0.9023238890625
1 0.43815028125 0.9170898218750001 0.5824834562500001 0.909525640625 0.5729975640625 0.7285240374999999 0.42866438906250004 0.73608821875 0.43815028125 0.9170898218750001
1 0.55928915 0.884924571875 0.7519934421875 0.8748253671875 0.7429981999999999 0.703185915625 0.5502939062500001 0.7132851203125 0.55928915 0.884924571875
1 0.733319978125 0.8319939625 0.859709028125 0.8253701921875001 0.8485876375 0.6131614171875001 0.7221985875 0.6197851859375 0.733319978125 0.8319939625
7 1 0.5254293718749999 0.9388188156249999 0.5286357421875 0.945687909375 0.6597058687499999 1 0.6568594937500001 1 0.5254293718749999
1 0 0.0982736765625 0.111730453125 0.09241813125000001 0.10792791875 0.0198614546875 0 0.0255177171875 0 0.0982736765625
1 0.1308281328125 0.9942170203125 0.29934686718750003 0.9853853265625 0.2908013875 0.8223278484375 0.122282653125 0.831159540625 0.1308281328125 0.9942170203125
1 0.06295477187500001 0.8037582203125 0.0153638328125 0.8062523546874999 0.025503925 0.9997368281250001 0.0730948625 0.9972426921875 0.06295477187500001 0.8037582203125
1 0.026035545312500002 0.4575597203125 0.2031362515625 0.44827826562500006 0.194386334375 0.28131989062499996 0.017285628125 0.2906013453125 0.026035545312500002 0.4575597203125
1 0.5136221609375 0.730071125 0.699304840625 0.720339909375 0.692231309375 0.5853688859374999 0.5065486296875 0.595100103125 0.5136221609375 0.730071125
1 0.37797595624999997 0.634695840625 0.579262221875 0.624146875 0.571166503125 0.46967136875 0.3698802375 0.48022033437499995 0.37797595624999997 0.634695840625
1 0.61899945 0.48672260312500004 0.8085830250000001 0.47678695 0.8022863546875 0.356639334375 0.6127027796875 0.3665749875 0.61899945 0.48672260312500004
1 1 0.486907046875 0.9909328374999999 0.3138952609375 0.887949165625 0.31929240625 0.89943854375 0.5385227953125 1 0.5332525921875 1 0.486907046875
1 0.8077221484375 0.65441919375 0.94659406875 0.647141225 0.9368628515624999 0.46145854531249997 0.79799093125 0.46873651406250005 0.8077221484375 0.65441919375