1 0.8385276578124999 0.8956880953124999 0.8459589781249999 0.9663923859375 0.9865905906249999 0.9516114078125 0.9791592703124999 0.8809071171875 0.8385276578124999 0.8956880953124999
1 0.82003923125 0.6674641765625 0.8399649703125001 0.8570449140624999 0.98059658125 0.8422639359374999 0.96067084375 0.6526832 0.82003923125 0.6674641765625
6 0.1904120265625 1 0.1846897265625 0.9455559499999999 0.0456120546875 0.9601736031250001 0.049797978124999996 1 0.1904120265625 1
1 0.35116221875 0.6908218765624999 0.37100629375 0.8796256421875001 0.51163790625 0.8648446640625 0.49179382968749996 0.6760408984375 0.35116221875 0.6908218765624999
1 0.730129865625 0.8434513406249999 0.744175878125 0.9770902203125 0.8855844609375 0.9622275796875 0.8715384484375001 0.8285887000000001 0.730129865625 0.8434513406249999
1 0.4896752875 0.625988153125 0.5065795 0.786820990625 0.6526499046875001 0.771468371875 0.6357456921875 0.610635534375 0.4896752875 0.625988153125
7 0.7923058000000001 0 0.8030350374999999 0.1020818765625 0.9592060546875001 0.085667640625 0.9502020218749999 0 0.7923058000000001 0
7 0.8404694734374999 0.24897360000000002 0.9748853234375 0.23484592499999998 0.961247625 0.10509189687500001 0.8268317749999999 0.11921957187500001 0.8404694734374999 0.24897360000000002
1 0.477496015625 0.32325910156250004 0.4953801828125 0.49341558281250003 0.666313634375 0.47544975312500004 0.6484294671875 0.305293271875 0.477496015625 0.32325910156250004
7 0.47494224999999995 0 0.47876788125 0.036398453125 0.6481473906249999 0.018595948437500003 0.646192878125 0 0.47494224999999995 0
5 0.5917948749999999 0.035516584375 0.6069025031249999 0.1792560765625 0.760742609375 0.1630868296875 0.7456349796875 0.0193473375 0.5917948749999999 0.035516584375
5 0.0955931984375 0.11280718906250001 0.1129873875 0.2783018484375 0.2839208375 0.26033601875 0.2665266484375 0.094841359375 0.0955931984375 0.11280718906250001
5 0 0.526203890625 0.004453971875 0.5685806062500001 0.1606249890625 0.5521663718750001 0.1494371765625 0.44572145 0 0.4614279296875 0 0.526203890625