0 0.1647056984375 0.739994296875 0.319351290625 0.71272610625 0.29099780000000003 0.551925465625 0.13635220625 0.57919365625 0.1647056984375 0.739994296875
0 0.1729177421875 0.9170392515625 0.328332715625 0.8896353984375001 0.2999792234375 0.7288347578125001 0.14456425 0.7562386109375 0.1729177421875 0.9170392515625
0 0.3337686125 0.8529783109375 0.4891835859375 0.8255744578125 0.46083009375 0.6647738171875 0.3054151203125 0.6921776703125 0.3337686125 0.8529783109375
0 0.15370199843750001 0.7855661578124999 0.04598865 0.8045589281250001 0.0743421421875 0.96535956875 0.1820554890625 0.9463668000000001 0.15370199843750001 0.7855661578124999
0 0.391424584375 1 0.3671214453125 0.8621700453125 0.10707064687500001 0.9080240171874999 0.12328849374999999 1 0.391424584375 1
0 0.3094455546875 0.9984748859374999 0.4748624828125 0.96930741875 0.44650899062500005 0.808506778125 0.2810920640625 0.8376742453125001 0.3094455546875 0.9984748859374999
0 0.6928296875 0.8872423062499999 0.8482446609375 0.8598384546875 0.8198911687500001 0.6990378125000001 0.6644761953125 0.726441665625 0.6928296875 0.8872423062499999
0 0.5852116484375001 0.546852446875 0.7398572406249999 0.51958425625 0.71150375 0.358783615625 0.55685815625 0.38605180625 0.5852116484375001 0.546852446875
0 1 0.8378397062499999 0.9352293156249999 0.849260525 0.9492025671875 0.9285067734375 1 0.919549815625 1 0.8378397062499999
0 1 0.5633572 0.7574952625 0.6061173281250001 0.7829998375 0.7507609656249999 1 0.7124979828125 1 0.5633572
0 0.689366321875 0.408698559375 0.982500503125 0.35701109375 0.9335262906249999 0.0792645328125 0.6403921078125 0.1309519984375 0.689366321875 0.408698559375