6 1 0.57890625 0.91015625 0.57890625 0.91015625 0.74609375 1 0.74609375 1 0.57890625
7 0.29296875 0.7359375 0.29296875 0.859375 0.49453125 0.859375 0.49453125 0.7359375 0.29296875 0.7359375
7 0.35703125 1 0.35703125 0.84765625 0.1546875 0.84765625 0.1546875 1 0.35703125 1
6 0.75234375 0.1484375 0.75234375 0.2953125 0.9234375 0.2953125 0.9234375 0.1484375 0.75234375 0.1484375
5 0.9296875 1 0.9296875 0.91796875 0.7484375 0.91796875 0.7484375 1 0.9296875 1
5 0.0390625 0.70703125 0.0390625 0.8421875 0.2109375 0.8421875 0.2109375 0.70703125 0.0390625 0.70703125
6 0.41953125 0.15703125 0.41953125 0.25078125 0.62734375 0.25078125 0.62734375 0.15703125 0.41953125 0.15703125
6 0 0.69765625 0.16015625 0.69765625 0.16015625 0.5734375 0 0.5734375 0 0.69765625
6 0.24921875 0.58515625 0.24921875 0.69765625 0.3796875 0.69765625 0.3796875 0.58515625 0.24921875 0.58515625
6 1 0.08203125 0.96796875 0.08203125 0.96796875 0.178125 1 0.178125 1 0.08203125
6 1 0.37421875 0.8984375 0.37421875 0.8984375 0.521875 1 0.521875 1 0.37421875