6 0.27522881093749996 0.7791081765625 0.2808454484375 0.9399476375000001 0.431534846875 0.9346854484374999 0.4259182078125 0.7738459875 0.27522881093749996 0.7791081765625
6 0.14281196093749998 0.45697072031249997 0.1491102296875 0.637329534375 0.320880528125 0.6313311828125 0.314582259375 0.45097237031250004 0.14281196093749998 0.45697072031249997
6 0.1743428078125 0.218224871875 0.18031389375 0.38921439687500003 0.358330384375 0.3829979234375 0.3523593 0.21200839999999999 0.1743428078125 0.218224871875
3 0.4688161703125 0.7934545640625 0.47454186875 0.9574171218749999 0.6494352640625001 0.9513097109374999 0.643709565625 0.787347153125 0.4688161703125 0.7934545640625
6 0.5647174453125 0.1146941765625 0.571479221875 0.3083261484375 0.7697958390624999 0.3014007796875 0.7630340624999999 0.10776880625 0.5647174453125 0.1146941765625
6 0.8014630796875 0.559046309375 0.8072160437499999 0.723789640625 0.9399476375000001 0.7191545515625 0.9341946734375 0.5544112203125 0.8014630796875 0.559046309375
6 0.6216024375 0.28859610468749997 0.6275735234375001 0.45958562968749994 0.8055900140625001 0.45336915624999996 0.799618928125 0.28237963125 0.6216024375 0.28859610468749997
6 0.8077377171875 0 0.8086610015625 0.026439406250000002 0.978088978125 0.020522850000000002 0.9773723046875 0 0.8077377171875 0
6 0.512549403125 0.568353671875 0.5182478374999999 0.7315354546874999 0.7056336171875001 0.7249917984375001 0.6999351828125 0.561810015625 0.512549403125 0.568353671875
6 0.2756600453125 0.410900075 0.28261267968750003 0.609997465625 0.46062917031249995 0.6037809921874999 0.4536765359375 0.4046836015625 0.2756600453125 0.410900075
6 0.40665655 0.132721403125 0.4021305203125 0.0031129046875 0.2241140296875 0.009329378125 0.2286400578125 0.1389378765625 0.40665655 0.132721403125