6 0.22406969375000002 0.2245373375 0.2491236515625 0.0663528765625 0.11100161093750001 0.044476495312499996 0.085947653125 0.20266095625 0.22406969375000002 0.2245373375
6 0.22403843750000002 0 0.204989721875 0.1202688546875 0.311474871875 0.13713444531250002 0.333194834375 0 0.22403843750000002 0
6 0.369973153125 0.8764819375 0.3857388140625 0.7769414718750001 0.2044054078125 0.74822108125 0.18863974687500001 0.847761546875 0.369973153125 0.8764819375
6 0.3671741328125 0.7842839640625 0.383062009375 0.6839718671874999 0.25265628281249997 0.663317628125 0.2367684078125 0.7636297265625 0.3671741328125 0.7842839640625
4 0.277202128125 0.37849455 0.29357886093749996 0.27509592656250004 0.14851213593749998 0.25211961562499996 0.132135403125 0.3555182390625 0.277202128125 0.37849455
6 0.5277779765624999 0 0.5166952421875 0.0699736234375 0.6625335984375 0.09307214999999999 0.673899540625 0.021310418749999997 0.539350853125 0 0.5277779765624999 0
6 0.8779005390625001 0.55115269375 0.9035655671875 0.389110075 0.6836505859375 0.35427896406250003 0.65798555625 0.5163215812499999 0.8779005390625001 0.55115269375
6 0.70398161875 1 0.716847871875 0.91876568125 0.5771825671874999 0.8966448703125 0.560812721875 1 0.70398161875 1
6 0.6193458625 1 0.6230395718749999 0.9766788375000001 0.50575158125 0.95810224375 0.4991156296875 1 0.6193458625 1
6 0.50622608125 0.985071003125 0.5241916015625 0.8716411703125001 0.3521177734375 0.844387353125 0.33415225312499997 0.9578171859375001 0.50622608125 0.985071003125
6 0.56498984375 0.9136974531250001 0.58967715625 0.7578278875 0.42994943281250003 0.7325295015625 0.40526211874999996 0.8883990671875001 0.56498984375 0.9136974531250001
6 0.657537653125 0.858748609375 0.6739143859375 0.7553499859375 0.5381072390625 0.733840246875 0.5217305062500001 0.8372388703125001 0.657537653125 0.858748609375
6 0.20322405625 0.8405796140625 0.1848918921875 0.9563243421875001 0.3500210359375 0.982478228125 0.3683532 0.8667335015625 0.20322405625 0.8405796140625
6 0.1351599234375 0.8258443734375 0.1162166875 0.9454472578124999 0.201096153125 0.9588908437500001 0.220039390625 0.8392879593749999 0.1351599234375 0.8258443734375
6 0.21256505625000002 0.7566323390624999 0.24030773125 0.581471984375 0.12301974062500001 0.5628953921875001 0.095277065625 0.7380557453125001 0.21256505625000002 0.7566323390624999
6 0 0.9270403421875001 0.0760918484375 0.9390921078125001 0.09686829999999999 0.8079147499999999 0 0.79257231875 0 0.9270403421875001
6 0.16834007812500001 0.83109959375 0.18435016875000002 0.7300158640625 0.02462244375 0.704717478125 0.0086123546875 0.80580120625 0.16834007812500001 0.83109959375