6 0.758534778125 0.8821150890625 0.7655649234374999 0.982650840625 0.9261103875 0.9714244078125001 0.9190802437500001 0.87088865625 0.758534778125 0.8821150890625
6 0.95909408125 0.8383306218750001 0.9501020359375 0.70973838125 0.809819590625 0.7195478859375 0.8188116359375 0.8481401265624999 0.95909408125 0.8383306218750001
6 0.8095745359375 0.6600450343750001 0.7982936046875 0.49872022187500004 0.6587905078125 0.5084752296875 0.6700714375 0.669800040625 0.8095745359375 0.6600450343750001
3 0.2641616890625 0.9464450171875001 0.25342573281249997 0.792913675 0.1217161046875 0.8021237093750001 0.1324520609375 0.9556550515625 0.2641616890625 0.9464450171875001
6 0.81601698125 0.48338404375 0.800757753125 0.26516690781249996 0.6137144921875 0.278246246875 0.628973721875 0.49646338281249996 0.81601698125 0.48338404375
6 0.6670912890625 0 0.671152515625 0.0580782546875 0.8581957750000001 0.044998915625000004 0.8550491453125 0 0.6670912890625 0
6 0 0.249893990625 0.066329790625 0.24525576093749998 0.054231403125 0.0722407453125 0 0.076032975 0 0.249893990625
6 0.2163790140625 0.10632542812500001 0.21027532187500003 0.0190385734375 0.020114675000000002 0.032335901562500005 0.0262183671875 0.11962275625 0.2163790140625 0.10632542812500001
6 0.37977290468749997 0.6846175875 0.36723853906250004 0.505367796875 0.2059137265625 0.5166487265625 0.21844809375000002 0.6958985171875 0.37977290468749997 0.6846175875
6 0.776296265625 0.8785236109375001 0.7650153359375 0.7171988 0.6379817890624999 0.7260818515625 0.64926271875 0.8874066624999999 0.776296265625 0.8785236109375001
6 0.8472553109375 0.77331748125 0.83597438125 0.6119926703125 0.715175609375 0.62043974375 0.7264565390625 0.7817645546875001 0.8472553109375 0.77331748125
6 0.11614100000000001 0.733595678125 0.015605246875000001 0.7406258218749999 0.027540143750000003 0.911302796875 0.128075896875 0.9042726515625 0.11614100000000001 0.733595678125
6 0.48869018750000004 0.84224763125 0.4773547609375 0.680143471875 0.3004430109375 0.692514346875 0.3117784375 0.8546185046874999 0.48869018750000004 0.84224763125
6 0.517460384375 1 0.612812928125 0.9933323 0.6048563312499999 0.8795476515624999 0.43573805 0.891373553125 0.4433339515625 1 0.517460384375 1
6 0.6300369625 0.3436732765625 0.6179385734375 0.1706582609375 0.446482253125 0.1826476546875 0.458580640625 0.3556626703125 0.6300369625 0.3436732765625
6 0 0.4488160546875 0.1549893953125 0.437978140625 0.1434359796875 0.2727565953125 0 0.28278661562499996 0 0.4488160546875