6 1 0.7577161984375 0.8784420484375 0.7791501453125 0.9061172281250001 0.93610388125 1 0.919549815625 1 0.7577161984375
6 0.1928192578125 1 0.324654796875 0.9767538375000001 0.3022704625 0.8498059625 0.1206965328125 0.8818223453125 0.141534440625 1 0.1928192578125 1
6 0.5131494 0.9704894218750001 0.6424054171875 0.9476980984375001 0.610389034375 0.76612416875 0.4811330171875 0.7889154921875 0.5131494 0.9704894218750001
6 0.1665434765625 0.8673918765625 0.332729784375 0.8380887453125 0.3127873765625 0.72498973125 0.1466010671875 0.7542928609375 0.1665434765625 0.8673918765625
6 0.060281578125 0.86312295625 0.209541503125 0.8368044046875 0.1730482546875 0.6298409 0.023788329687500002 0.6561594515625 0.060281578125 0.86312295625
6 0.0388637859375 0.62018255625 0.014243592187500001 0.6245237609375 0.0477522640625 0.81456088125 0.0723724578125 0.8102196765624999 0.0388637859375 0.62018255625
6 0.2574149640625 0.24449272031249997 0.4228318921875 0.21532525156250001 0.394749725 0.056063373437499994 0.22933279843749999 0.085230840625 0.2574149640625 0.24449272031249997
6 0.6745194718749999 0.42797580156250004 0.8137774437499999 0.4034208640625 0.7850169640625 0.24031208125 0.6457589921875 0.26486701875 0.6745194718749999 0.42797580156250004
6 0.529148684375 0.8002815859375 0.7230327109375 0.7660946015625 0.6999700625 0.635299821875 0.5060860359375 0.66948680625 0.529148684375 0.8002815859375
6 1 0.8679851828125 0.8896053453125001 0.8874507390625 0.8984234171875001 0.9374605078125 1 0.919549815625 1 0.8679851828125
6 0.6889354 0.25328734218750004 0.8243464656249999 0.22941071875 0.793958034375 0.0570693609375 0.65854696875 0.08094598593749999 0.6889354 0.25328734218750004