3 0.8888277078125 0.7535095953125001 0.708606284375 0.7440645906250001 0.6996110421874999 0.9157040421874999 0.879832465625 0.9251490468749999 0.8888277078125 0.7535095953125001
6 0.9744822828125 1 0.9758453625 0.9739909093750001 0.900948146875 0.9700657140625 0.8993793562500001 1 0.9744822828125 1
6 0 0.7280508078125 0.0755570703125 0.7320105859375 0.08377545 0.5751945421875 0 0.57080405625 0 0.7280508078125
4 0.9018144124999999 0.2519393828125 0.751239803125 0.2440481015625 0.7428987593749999 0.403204684375 0.8934733687499999 0.41109596562500006 0.9018144124999999 0.2519393828125
3 1 0.221880575 0.884149865625 0.2158091265625 0.8753590593749999 0.38354768125 1 0.3900798359375 1 0.221880575
3 0.40550433437500005 0.25800408125 0.25258918750000003 0.24999013906249998 0.24388015625 0.416168334375 0.3967953046875 0.424182278125 0.40550433437500005 0.25800408125
6 0.7500574671875 0.8338570359374999 0.59012070625 0.8254751062500001 0.5816161140625 0.9877524046874999 0.741552875 0.9961343359375 0.7500574671875 0.8338570359374999
3 0.025517715625 0 0.0157727078125 0.18594585156250001 0.0461997015625 0.1875404625 0.0560282796875 0 0.025517715625 0
3 0.9744822828125 1 0.98189670625 0.8585243703125001 0.811037434375 0.8495700156250001 0.8031537328124999 1 0.9744822828125 1
3 0.5504636796875 1 0.5574040140625 0.8675705359375 0.3717213359375 0.8578393203125 0.3646069171875 0.993590521875 0.48690704062499995 1 0.5504636796875 1
3 0.842269840625 1 0.8448945812499999 0.9499169828125 0.7036821234375 0.9425163515625 0.7006695328125 1 0.842269840625 1
7 0.3911318515625 0.6218129718750001 0.23821670468749997 0.613799028125 0.23077518593750002 0.755791665625 0.3836903328125 0.7638056093750001 0.3911318515625 0.6218129718750001