6 0.1935999625 0.082641071875 0.06972961250000001 0.0607993875 0.036763590624999995 0.24775898437500002 0.160633940625 0.26960066875 0.1935999625 0.082641071875
6 0.1883392609375 0 0.1628341109375 0.1446468953125 0.3159409421875 0.1716437609375 0.3433447953125 0.0162287875 0.25130676875 0 0.1883392609375 0
6 0.6841327359375 0.382533484375 0.6469611734375 0.59334389375 0.800068003125 0.6203407578125 0.8372395671874999 0.4095303484375 0.6841327359375 0.382533484375
6 0.6894922234374999 1 0.692091328125 0.9852597453125 0.5243662578125 0.9556852890625 0.5165523796875 1 0.6894922234374999 1
6 0.919549815625 1 0.9335262906249999 0.9207354671875001 0.8758227125 0.9105607703124999 0.8600521625 1 0.919549815625 1
6 1 0.080450184375 0.979208428125 0.07678406875 0.95858770625 0.19372999062500001 1 0.2010320953125 1 0.080450184375
3 0.8214449578125 0.4091252390625 0.7910565265625 0.581466596875 0.9633978828125 0.6118550265625 0.9937863140625 0.4395136703125 0.8214449578125 0.4091252390625
3 0.50708541875 0.0324078453125 0.48307313281250003 0.1685882921875 0.623869865625 0.1934145546875 0.6478821531250001 0.057234107812500004 0.50708541875 0.0324078453125
3 0.3213083109375 0.36615587031249996 0.29281915625 0.5277258921875 0.428999603125 0.5517381796875 0.4574887578125 0.39016815781249997 0.3213083109375 0.36615587031249996
3 0.04430531875 0.45693392812500006 0.020157368749999998 0.59388375625 0.1547990546875 0.6176247187499999 0.178947003125 0.480674890625 0.04430531875 0.45693392812500006
3 0.479667025 0.40835822187500004 0.45253449687499997 0.5622344328125 0.6102576125 0.5900452734375 0.637390140625 0.4361690625 0.479667025 0.40835822187500004
6 0.1807120109375 0.155732271875 0.154664784375 0.30345343593749996 0.2777657546875 0.3251594578125 0.30381298125 0.17743829375 0.1807120109375 0.155732271875