6 0.5428404078125 0 0.458615125 0.022568096875 0.507750303125 0.20594307656250002 0.663203990625 0.1642893875 0.6191827812499999 0 0.5428404078125 0
6 0.7849887328125 0 0.8003114421875 0.057185128125 0.8923762468750001 0.0325164375 0.88366349375 0 0.7849887328125 0
6 0.371722840625 0.9630408046875001 0.5671718953125 0.9106703890625001 0.52086755 0.737860221875 0.3254184953125 0.7902306375 0.371722840625 0.9630408046875001
6 0.2923376734375 0.8176972359375 0.4266617328125 0.7817052125 0.384199234375 0.62323300625 0.2498751734375 0.6592250296875 0.2923376734375 0.8176972359375
6 0 0.4455219796875 0.07557207031249999 0.4252725046875 0.032705165625 0.26529103906249996 0 0.2740543609375 0 0.4455219796875
6 0.629387225 0.8802500796875 0.805970540625 0.832934721875 0.7546111359375 0.641258815625 0.5780278203125 0.6885741734375 0.629387225 0.8802500796875
6 0.683445484375 0.17342426718749998 0.8049408421875001 0.140869684375 0.768746615625 0.00579099375 0.6472512578125 0.0383455765625 0.683445484375 0.17342426718749998
6 0.42158152812500005 0.783875259375 0.5626972546875 0.7460634140625 0.52245898125 0.5958921328125 0.3813432546875 0.633703978125 0.42158152812500005 0.783875259375
3 0.7860077265625 0.9304880265625 0.9369336374999999 0.8900475515625 0.8991217921875 0.748931825 0.7481958828125 0.7893723015624999 0.7860077265625 0.9304880265625
3 1 0.779327065625 0.9112142734375 0.8031171296874999 0.9372983796875 0.9004643421875 1 0.88366349375 1 0.779327065625
3 0.11437158750000001 0.298407634375 0.273598421875 0.2557429328125 0.22567645781249998 0.07689572812499999 0.06644962343750001 0.11956043125 0.11437158750000001 0.298407634375
4 0.5865309484375001 0.6871045765625 0.7691513 0.6381716 0.7222403484375 0.4630975453125 0.5396199968750001 0.5120305203125 0.5865309484375001 0.6871045765625
6 1 0.43417375312499995 0.957081009375 0.2739978953125 0.828793984375 0.3083723 0.877120353125 0.48872876249999997 1 0.455803259375 1 0.43417375312499995
6 0.3957895765625 0.6363035734375 0.5233219703125 0.602131371875 0.493598221875 0.49120082812500004 0.3660658265625 0.5253730296875 0.3957895765625 0.6363035734375
3 0.22105122812500003 0.6693748109375 0.3900882484375 0.624081478125 0.3484345578125 0.468627790625 0.1793975375 0.5139211234375 0.22105122812500003 0.6693748109375