6 0.516645221875 0.5583121328125 0.5140819 0.41145950156250005 0.3547311734375 0.41424097968750007 0.3572944953125 0.5610936093750001 0.516645221875 0.5583121328125
1 0.6768359765625 0.2007744625 0.6749134859375 0.090634990625 0.48587978125 0.09393458593750001 0.48780227187499997 0.20407405937499998 0.6768359765625 0.2007744625
1 0.81682381875 0.3421028640625 0.8136878390625 0.16244273125 0.6496503265625 0.165306015625 0.65278630625 0.3449661484375 0.81682381875 0.3421028640625
1 0.654568496875 0.4918324140625 0.6516370390625 0.323889246875 0.4438561890625 0.327516075 0.4467876484375 0.4954592421875 0.654568496875 0.4918324140625
1 0.8107982484375 0.7578963515625 0.8082076562499999 0.609481459375 0.6043324625000001 0.6130401140624999 0.6069230546875 0.7614550062500001 0.8107982484375 0.7578963515625
1 0.184054934375 0.48441787812500003 0.180946225 0.3063200078125 0.0005049609375 0.309469621875 0.0036136703125 0.48756749218750006 0.184054934375 0.48441787812500003
1 0 0.50436341875 0.0013714484375000001 0.58293365 0.0599562734375 0.581911046875 0.0571338921875 0.420216928125 0 0.421214203125 0 0.50436341875
1 0.0815182984375 0.5190251609375001 0.00028067343750000004 0.52044316875 0.0034030171875000003 0.6993221703125 0.0846406421875 0.6979041625 0.0815182984375 0.5190251609375001
1 0.325468690625 0.6179077000000001 0.323464390625 0.503081440625 0.1359929484375 0.5063537671875 0.1379972484375 0.6211800249999999 0.325468690625 0.6179077000000001
1 0.3431189265625 0.7785616281250001 0.33994204375 0.596558103125 0.206368640625 0.5988896359375 0.20954552343750002 0.7808931609374999 0.3431189265625 0.7785616281250001
1 0.46575223593750004 1 0.4641823734375 0.9100625578124999 0.29936372968749997 0.912939478125 0.300883378125 1 0.46575223593750004 1
1 0.69698273125 0.9520997843749999 0.694051271875 0.7841566171875 0.5315760218750001 0.7869926328125 0.5345074796875 0.9549358 0.69698273125 0.9520997843749999
1 0.514801953125 0.9451219640625 0.5157563828125 0.9998011359375001 0.703227825 0.9965288093750001 0.702273396875 0.9418496390625 0.514801953125 0.9451219640625
1 0.6182054828125 0.87064973125 0.6204279374999999 0.9979740859374999 0.796963546875 0.9948926453125001 0.7947410921875 0.867568290625 0.6182054828125 0.87064973125
1 0.8873020500000001 0.9776884015625 0.8844796687500001 0.8159942812500001 0.7243478109375 0.81878939375 0.7271701921875 0.9804835140625 0.8873020500000001 0.9776884015625