7 0.5833822953125 1 0.5850696140625 0.9516815390625 0.3898760921875 0.94486523125 0.38807658749999996 0.9963963203124999 0.49127247343749997 1 0.5833822953125 1
1 0.0678106140625 0.0940445109375 0.013937203125 0.092163209375 0.0068209765625 0.2959452453125 0.0606943890625 0.297826546875 0.0678106140625 0.0940445109375
1 0 0.4927020546875 0.0975468984375 0.49610846875 0.10460859375 0.29388798125000004 0.0070118328125 0.29047982656250004 0 0.4912724828125 0 0.4927020546875
1 0.26519271718750004 0.5754450531249999 0.2702367859375 0.431001846875 0.0890971984375 0.4246763140625 0.08405312968749999 0.56911951875 0.26519271718750004 0.5754450531249999
1 0.2858696140625 0.4534360921875 0.2926041265625 0.26058489375 0.12083382812500001 0.2545865421875 0.114099315625 0.447437740625 0.2858696140625 0.4534360921875
1 0.3763551578125 0.27992579375000004 0.380772125 0.1534403921875 0.168401575 0.14602425000000002 0.1639846078125 0.2725096515625 0.3763551578125 0.27992579375000004
7 0.3345364515625 0 0.3325401296875 0.057167223437500005 0.463710175 0.06174778125 0.46586645625 0 0.3345364515625 0
1 0.9828443874999999 1 0.9869080203125 0.88363279375 0.9142960296875 0.8810971265624999 0.9101438500000001 1 0.9828443874999999 1
1 0.1754829734375 0.88343935 0.1813722625 0.7147921484374999 0.0181904796875 0.7090937140625 0.012301189062499999 0.8777409171875 0.1754829734375 0.88343935
1 0.0102835625 0.9355181984375 0.0086203828125 0.9831454171875 0.20225235625 0.9899071953125 0.203915534375 0.9422799765625 0.0102835625 0.9355181984375
1 0.7177912906249999 0.9789863421874999 0.7239804984375 0.801750625 0.55689484375 0.7959158656249999 0.5507056359375 0.9731515828124999 0.7177912906249999 0.9789863421874999
1 0.4048000921875 0.49511209375 0.4112892171875 0.3092878609375 0.2762153015625 0.3045709765625 0.2697261765625 0.4903952078125 0.4048000921875 0.49511209375
1 0.52204755625 0.6297547421874999 0.5290819859375 0.428315028125 0.3744887171875 0.42291651249999995 0.36745428750000003 0.624356225 0.52204755625 0.6297547421874999
1 0.63143775625 0.38498579843749997 0.6380632078125 0.19525769531249998 0.5178239984374999 0.19105885 0.511198546875 0.38078695156250003 0.63143775625 0.38498579843749997
1 0.45804919374999997 0 0.45451190781250006 0.10129460781249999 0.673909425 0.1089561375 0.6775084359375 0.005893959375 0.508727546875 0 0.45804919374999997 0
1 0.526058065625 0.20150883125000002 0.5309112765624999 0.06253104375 0.3450870453125 0.056041918749999996 0.34023383281249997 0.19501970468750002 0.526058065625 0.20150883125000002