3 0.684375 0.59765625 0.5734375 0.59765625 0.5734375 0.76953125 0.684375 0.76953125 0.684375 0.59765625
3 0.56484375 0.6453125 0.40859375 0.6453125 0.40859375 0.7984375 0.56484375 0.7984375 0.56484375 0.6453125
3 0.40234375 0.5859375 0.209375 0.5859375 0.209375 0.78359375 0.40234375 0.78359375 0.40234375 0.5859375
6 0.23671875 0.68984375 0.0375 0.68984375 0.0375 0.890625 0.23671875 0.890625 0.23671875 0.68984375
6 0.453125 1 0.453125 0.88046875 0.26328125 0.88046875 0.26328125 1 0.453125 1
6 0.67109375 1 0.67109375 0.97578125 0.4953125 0.97578125 0.4953125 1 0.67109375 1
3 0.653125 0.803125 0.55390625 0.803125 0.55390625 0.9640625 0.653125 0.9640625 0.653125 0.803125
3 0.14375 0.2125 0.0046875 0.2125 0.0046875 0.36640625 0.14375 0.36640625 0.14375 0.2125
3 0.86875 0.225 0.709375 0.225 0.709375 0.36953125 0.86875 0.36953125 0.86875 0.225
6 0.81484375 1 0.81484375 0.92421875 0.66171875 0.92421875 0.66171875 1 0.81484375 1
6 0.49140625 0.7921875 0.33828125 0.7921875 0.33828125 0.946875 0.49140625 0.946875 0.49140625 0.7921875
3 1 0.5390625 0.94765625 0.5390625 0.94765625 0.67734375 1 0.67734375 1 0.5390625