5 0.5942737203124999 1 0.6029339921875 0.8347521656250001 0.4944890671875 0.8290688078124999 0.48553471249999997 0.9999280796875001 0.486907034375 1 0.5942737203124999 1
6 0.40287094999999995 0.2336140859375 0.2678999265625 0.22654055468749998 0.2600495328125 0.376334984375 0.39502055625 0.383408515625 0.40287094999999995 0.2336140859375
6 0.9224350484375 0.470505621875 0.7734207984375 0.462696115625 0.7656930671875 0.6101500078125001 0.91470731875 0.6179595140624999 0.9224350484375 0.470505621875
6 0.0255177171875 0 0.0227235765625 0.053315365625 0.11010366093749999 0.057894762499999995 0.113137796875 0 0.0255177171875 0
6 0.3898509859375 0.0342219140625 0.286867315625 0.0288247671875 0.2777494109375 0.2028047578125 0.38073308125 0.20820190312500003 0.3898509859375 0.0342219140625
6 0.35228087812500003 0.4077675765625 0.1541153296875 0.3973821609375 0.14888173437500002 0.4972451140625 0.3470472828125 0.50763053125 0.35228087812500003 0.4077675765625
6 0.550179040625 0.69195173125 0.3840008453125 0.6832427015625 0.3781539375 0.79480834375 0.544332134375 0.803517375 0.550179040625 0.69195173125
6 0.0329124359375 0.8142664671875 0.02444873125 0.9757635875 0.1680017265625 0.98328688125 0.1764654328125 0.8217897609374999 0.0329124359375 0.8142664671875
6 0.25021779843749997 0.8475599781250001 0.2428989421875 0.987212078125 0.3856717578125 0.994694484375 0.3929906140625 0.855042384375 0.25021779843749997 0.8475599781250001
6 0.77156983125 0.632363015625 0.6342582703125 0.625166821875 0.625385690625 0.794465734375 0.7626972515625 0.8016619296874999 0.77156983125 0.632363015625
1 0.9286532609375 0.3667826578125 0.7421904031250001 0.3570105546875 0.7361799453125 0.47169691562500005 0.922642803125 0.48146901875000003 0.9286532609375 0.3667826578125