1 0.40842011562499997 0.7707850640625 0.43420735937500005 0.9335993140625 0.5885336640625 0.909156428125 0.56274641875 0.746342178125 0.40842011562499997 0.7707850640625
7 1 0.53556070625 0.9825141265624999 0.425159246875 0.8196998765625001 0.450946490625 0.8480536234375 0.6299650031249999 1 0.6058990609375 1 0.53556070625
7 0.5642944140624999 0.84101560625 0.579815646875 0.9390128078125001 0.7889277875 0.9058926984375001 0.77340655625 0.8078954968750001 0.5642944140624999 0.84101560625
1 1 0.7838714453125 0.8886696046875 0.8015044484375 0.910790415625 0.9411697531250001 1 0.9270403421875001 1 0.7838714453125
1 0.2853979984375 0.17883583593750002 0.3147294609375 0.3640274 0.46905576406250005 0.3395845140625 0.43972430156250003 0.15439295 0.2853979984375 0.17883583593750002
1 0.28647883749999997 0.060807378125 0.3046887875 0.175780475 0.43432288124999996 0.1552484515625 0.4161129328125 0.0402753546875 0.28647883749999997 0.060807378125
1 0.46064914999999995 0 0.379343034375 0.0128776234375 0.3951086953125 0.11241808906249999 0.5478917359375 0.0882196328125 0.53391911875 0 0.46064914999999995 0
6 0.712543446875 0.93301956875 0.71865416875 0.9716011453125001 0.856776209375 0.9497247625 0.8506654890625001 0.9111431874999999 0.712543446875 0.93301956875
6 0.3953983234375 0.6336335578125001 0.41788577812499994 0.7756137578125 0.581471659375 0.7497042984375 0.5589842046875 0.6077241 0.3953983234375 0.6336335578125001
6 0.20222708749999999 0.282972478125 0.2253256140625 0.428810834375 0.4028008625 0.40070151562499995 0.37970233593749997 0.25486315937500004 0.20222708749999999 0.282972478125
5 0.4470883328125 0.1809111953125 0.4760531515625 0.363787865625 0.588711353125 0.345944559375 0.559746534375 0.1630678890625 0.4470883328125 0.1809111953125
5 0 0.1916079140625 0.1615559546875 0.1660199640625 0.14322379062499999 0.0502752375 0 0.0729596578125 0 0.1916079140625