7 0 0.5251898453125 0.04277045625 0.5312008406250001 0.0699527015625 0.337789109375 0.0188920046875 0.3306129953125 0 0.465036590625 0 0.5251898453125
1 0.824193478125 1 0.8247392140625 0.9961168890625001 0.622817365625 0.9677386234375 0.6182833249999999 1 0.824193478125 1
1 0.62380581875 1 0.6343217171875 0.9251754984374999 0.4339471625 0.8970146921875 0.4203560390625 0.9937205578125001 0.46503659375 1 0.62380581875 1
1 0.3597021453125 0.8976252234375 0.5028268265625 0.9177400859375 0.5280519515625001 0.7382539984375 0.3849272703125 0.7181391359375 0.3597021453125 0.8976252234375
1 0.4847527703125 0.8891653265624999 0.6758435609375 0.9160213859375 0.6997639375 0.7458190609375001 0.508673146875 0.7189630015625 0.4847527703125 0.8891653265624999
1 0.6656857984375 0.8704138484374999 0.7910166015625 0.88802794375 0.8205908859375001 0.6775959796875 0.6952600828125 0.6599818843749999 0.6656857984375 0.8704138484374999
7 0.90702605 0.741812884375 0.9696914515625 0.7506199312499999 0.9879579218749999 0.6206472484375001 0.9252925203125001 0.6118402 0.90702605 0.741812884375
1 0.06535663124999999 0 0.0643407203125 0.0072285796875 0.1966343453125 0.0258212359375 0.2002632828125 0 0.06535663124999999 0
1 0.043309807812500004 0.9146955484375001 0.21041754375 0.9381810093749999 0.23314190156249998 0.7764888015625 0.066034165625 0.7530033406250001 0.043309807812500004 0.9146955484375001
1 0.0428415953125 0.36790278593750003 0.218459446875 0.392584265625 0.24172745 0.2270238234375 0.066109596875 0.20234234375 0.0428415953125 0.36790278593750003
1 0.46947224375 0.7284433015625 0.6536002125 0.7543208 0.6724103265625 0.62047988125 0.48828235781249996 0.5946023828125 0.46947224375 0.7284433015625
1 0.354516703125 0.6089378140624999 0.5541176109375 0.6369898921875 0.57564595 0.4838078 0.3760450421875 0.455755721875 0.354516703125 0.6089378140624999
1 0.6193465406249999 0.5096727125 0.8073427453124999 0.5360938562500001 0.8240870078125001 0.416952228125 0.6360908046875 0.3905310859375 0.6193465406249999 0.5096727125
1 1 0.4085402203125 0.9153020812499999 0.3966367046875 0.8847492375 0.6140314906250001 0.9868706312500001 0.6283837171875 1 0.5349634062499999 1 0.4085402203125
1 0.7726038546875 0.71029823125 0.9103130078125 0.7296519906250001 0.93619050625 0.545524021875 0.798481353125 0.5261702625 0.7726038546875 0.71029823125