6 0.3577008296875 0.54405550625 0.5154171953125 0.5385479296875 0.5099368828124999 0.38161233906250003 0.35222051875 0.387119915625 0.3577008296875 0.54405550625
6 0.5164235203125 0.5002082046874999 0.702247753125 0.4937190796875 0.6982397640625 0.37894528906249997 0.5124155312500001 0.3854344140625 0.5164235203125 0.5002082046874999
6 0.39321485625 0.2402872875 0.5720121218750001 0.23404355 0.5680313984375001 0.1200505328125 0.3892341328125 0.126294271875 0.39321485625 0.2402872875
6 0.45207528437500005 0.0678155234375 0.44975774062499996 0.0014497265625 0.26627583125 0.00785705625 0.26859337499999997 0.074222853125 0.45207528437500005 0.0678155234375
6 0 0.1860084734375 0.0246597359375 0.1851473359375 0.018770445312500002 0.016500134375 0 0.0171556125 0 0.1860084734375
6 0 0.5087275390625 0.0016133171875 0.5549269046874999 0.0820330484375 0.5521185859375 0.0750531484375 0.35224042031249997 0 0.354861334375 0 0.5087275390625
6 0.50872751875 1 0.5939656078125 0.9970234203125001 0.591757125 0.9337807203124999 0.46136785312499995 0.9383340140625 0.4635212765625 1 0.50872751875 1
6 0.839108803125 0.69687895625 0.9663749781250001 0.6924347234375 0.9585771218750001 0.4691333359375 0.831310946875 0.47357756875 0.839108803125 0.69687895625
6 0.742476209375 0.5040401640625001 0.8845770921874999 0.499077890625 0.8796966156250001 0.3593193296875 0.7375957328125 0.364281603125 0.742476209375 0.5040401640625001
6 0.5592991921875 0.6534927421875001 0.7302887171875 0.64752165625 0.7259262796875 0.522597803125 0.5549367562499999 0.5285688875 0.5592991921875 0.6534927421875001
6 0.45517615781250004 0.6938699296874999 0.5871269781249999 0.68926210625 0.58191931875 0.54013425625 0.44996849843750003 0.5447420796875 0.45517615781250004 0.6938699296874999
6 0.28334389843749996 0.7428653859375001 0.4309102 0.7377122578125 0.4254298890625 0.580776665625 0.2778635875 0.5859297953125 0.28334389843749996 0.7428653859375001
6 0.1350587828125 0.705048675 0.313075275 0.6988322015625 0.3081130015625 0.55673131875 0.13009651093750002 0.5629477921875 0.1350587828125 0.705048675
6 0.2154190078125 0.5662220734375001 0.35830066562499996 0.5612325359375 0.35061187031249996 0.3410542453125 0.2077302125 0.3460437828125 0.2154190078125 0.5662220734375001