3 0.1395929125 0.600756625 0.2895700671875 0.6033744859375 0.292037946875 0.461989771875 0.1420607921875 0.45937191093749996 0.1395929125 0.600756625
3 0.3541488359375 0.66388575625 0.4963146796875 0.6663672703125 0.49897344375 0.5140467234375 0.3568076 0.5115652093749999 0.3541488359375 0.66388575625
6 1 0.008651368750000001 0.9539708796875 0.0078479265625 0.9518165984375001 0.13126662656250002 1 0.132107671875 1 0.008651368750000001
6 0.147345325 0.2461504140625 0.3152884921875 0.2490818734375 0.3186153578125 0.05848590625 0.15067219062499998 0.0555544484375 0.147345325 0.2461504140625
6 0.39640340625000003 0.2575300609375 0.568252228125 0.26052969375 0.571865421875 0.053529974999999994 0.40001659843750004 0.0505303421875 0.39640340625000003 0.2575300609375
6 0.4388716203125 0.8685205406250001 0.627905325 0.8718201359375 0.6310958421875 0.6890354796875 0.44206213749999995 0.6857358828125 0.4388716203125 0.8685205406250001
6 0.7334301375 0.9142932671875 0.8904374718750001 0.9170338390625 0.8934507390625 0.7444038859375001 0.7364434046875 0.7416633125 0.7334301375 0.9142932671875
6 0.7147440031250001 1 0.7172678578125 0.855408478125 0.5540114765624999 0.8525588265625 0.55143788125 1 0.7147440031250001 1
6 0.8522649484375 1 0.8534788890625 0.9304533671874999 0.684754590625 0.9275082734375 0.6834892421875 1 0.8522649484375 1
6 0.568628 1 0.569887428125 0.9278473671875 0.3980386046875 0.924847734375 0.39675694375 0.99827405 0.4956365390625 1 0.568628 1
6 0.263684071875 0.9225025671875 0.2624024109375 0.9959288828125 0.39831920625 0.9983013187499999 0.3996008671875 0.9248750046875 0.263684071875 0.9225025671875
3 0.200159128125 0.8463823109374999 0.19756853593749998 0.994797203125 0.3225494984375 0.9969787546875001 0.32514008906249997 0.8485638625 0.200159128125 0.8463823109374999