3 1 0.44303219687500006 0.9701379609374999 0.313685490625 0.8970602046874999 0.3305568203125 0.9350206953125 0.49498176875000005 1 0.4799801140625 1 0.44303219687500006
3 0.9317310187500001 0.3834892390625 0.8932433 0.21678061093749998 0.7288183515625 0.25474110156249996 0.7673060703125001 0.4214497296875 0.9317310187500001 0.3834892390625
6 0.59298909375 0.503387578125 0.5636400109374999 0.376262734375 0.424335540625 0.4084237046875 0.4536846234375 0.53554855 0.59298909375 0.503387578125
6 0.85837374375 0.541541915625 0.8263885156249999 0.402998671875 0.6817554593749999 0.43638984374999995 0.7137406875 0.5749330875 0.85837374375 0.541541915625
6 1 0.49859983906250005 0.9932826796875001 0.46950392812499997 0.86387415625 0.499380240625 0.8983197859375001 0.6485806562499999 1 0.6251059296875 1 0.49859983906250005
6 0.46369903749999997 0.5476689421875001 0.4276717203125 0.3916174859375 0.30663668906249997 0.419560625 0.34266400625000004 0.57561208125 0.46369903749999997 0.5476689421875001
6 0.504188453125 0.20557418906249997 0.46956707968750006 0.0556125453125 0.30514213125 0.09357303593750001 0.3397635046875 0.24353467968750003 0.504188453125 0.20557418906249997
3 0.27929372343750003 0.4539362484375 0.24467235 0.30397460625 0.12363731874999999 0.3319177453125 0.1582586921875 0.4818793875 0.27929372343750003 0.4539362484375
3 0.59326959375 0.37262940625 0.5611086234375 0.23332493593749998 0.4301776453125 0.26355273437500004 0.46233861718749997 0.4028572046875 0.59326959375 0.37262940625
3 0.70313883125 0.542903315625 0.6715050890625001 0.405882525 0.535245525 0.4373405234375 0.5668792671875 0.5743613140625 0.70313883125 0.542903315625
3 0.8319703515624999 0 0.8472617828125 0.0662344640625 0.9096823640625 0.0518235359375 0.8977179578125 0 0.8319703515624999 0