6 0.224412103125 0.9611299046875 0.22081254375 0.7549113171874999 0.12473342968750001 0.756588384375 0.12833298906249999 0.962806971875 0.224412103125 0.9611299046875
6 0.5683028140624999 0.7871329328125001 0.5652077390625 0.60981619375 0.44257016875 0.611956840625 0.44566524531249996 0.7892735796875 0.5683028140624999 0.7871329328125001
6 0.68450658125 0.5506938875 0.6825295515625001 0.437429890625 0.5169297765625 0.44032044531250003 0.5189068078125 0.5535844421875 0.68450658125 0.5506938875
6 0.679555009375 0.4460768703125 0.6773734578124999 0.3210959078125 0.4539699890625 0.3249954296875 0.4561515390625 0.4499763921875 0.679555009375 0.4460768703125
6 0.4763575953125 0.533230178125 0.4740942375 0.40356242968749995 0.3038076765625 0.40653479375 0.306071034375 0.536202540625 0.4763575953125 0.533230178125
6 0.8354474406250001 0.961403409375 0.8331295421875 0.8286111375 0.7190844140625 0.8306018015625 0.7214023125 0.9633940734375 0.8354474406250001 0.961403409375
6 0.8792320859375 0.64965428125 0.876177915625 0.474680934375 0.7691629671875 0.4765488875 0.7722171375 0.6515222328125 0.8792320859375 0.64965428125
6 0 0.5043634421875 0.0021349906250000003 0.6266769859375 0.07321791250000001 0.6254362296875 0.0708591109375 0.49030056406250005 0 0.49153741406250007 0 0.5043634421875
6 1 0.5819112718749999 0.9655734453125 0.5825121906249999 0.96915936875 0.787949646875 1 0.7874113203124999 1 0.5819112718749999
6 0.9161124078125 0.9271778984375001 0.9129900640624999 0.748298896875 0.7559827296875 0.7510394703125 0.759105075 0.929918471875 0.9161124078125 0.9271778984375001
6 0.7732124703125 0.7085447968749999 0.7710718234375 0.585907228125 0.58203811875 0.5892068234375001 0.584178765625 0.7118443921875001 0.7732124703125 0.7085447968749999