6 1 0.6749228656249999 0.95181888125 0.67829201875 0.9646257328125 0.86143854375 1 0.8589649343750001 1 0.6749228656249999
6 0.9715155640625 0.534379984375 0.9583817281250001 0.346557378125 0.7728971625 0.3595277234375 0.7860309984375 0.5473503296875 0.9715155640625 0.534379984375
6 0.6130534046875 0 0.614543721875 0.021312525 0.7883380843750001 0.009159639062499999 0.7876975796875 0 0.6130534046875 0
6 0.41233809531250004 0.198348928125 0.3994767453125 0.01442305625 0.2303584640625 0.026248959375000002 0.2432198140625 0.21017483124999997 0.41233809531250004 0.198348928125
6 0.2596242109375 0.22077508906249999 0.24926973437500002 0.0726991765625 0.0926210046875 0.083653121875 0.10297548125 0.2317290359375 0.2596242109375 0.22077508906249999
6 0.23977471718749999 0.42969989999999997 0.229801721875 0.287079415625 0.0731529921875 0.2980333609375 0.0831259875 0.440653846875 0.23977471718749999 0.42969989999999997
1 0.31131005312500004 0.7583228562500001 0.30019261406250003 0.5993360859375 0.1147080484375 0.6123064312500001 0.1258254875 0.7712932015625 0.31131005312500004 0.7583228562500001
6 0.2159088125 0.5699876859375 0.20599031406249999 0.428146546875 0.061031787500000004 0.43828303437500005 0.0709502859375 0.5801241734375 0.2159088125 0.5699876859375
6 0.50833604375 1 0.506800021875 0.9780338703125 0.34937194531250004 0.9890423140625 0.35013818125 1 0.50833604375 1
6 0.351704496875 1 0.3496772015625 0.971008340625 0.1618545953125 0.9841421765625 0.1629634828125 1 0.351704496875 1
4 0 0.5174603875 0.00454230625 0.5824183984375 0.0739041828125 0.57756814375 0.0638766890625 0.4341683109375 0 0.43863500625 0 0.5174603875
4 0.361624959375 0.537086646875 0.3496900625 0.366409671875 0.1486185578125 0.3804699609375 0.16055345468749999 0.5511469359375 0.361624959375 0.537086646875
3 0.502887990625 0.6532969671875 0.4896996578125 0.4646950140625 0.28784880625000003 0.47880980156249997 0.301037140625 0.6674117546875 0.502887990625 0.6532969671875