6 0.3929683796875 0.289205965625 0.2802346328125 0.3111191859375 0.312880859375 0.47906946250000004 0.42561460625 0.4571562421875 0.3929683796875 0.289205965625
6 0.48263398593750007 1 0.5178635546875 0.9931520656249999 0.48819871875 0.8405397140625 0.36319463125 0.864838046875 0.38946745312500003 1 0.48263398593750007 1
6 0.35336489531250004 0.6709641390625001 0.2007525453125 0.700628975 0.2283304078125 0.8425047796875 0.38094275781250003 0.81283994375 0.35336489531250004 0.6709641390625001
1 0.46666707812499997 1 0.4605402734375 0.9684803234375 0.2983855953125 1 0.46666707812499997 1
1 0.5481445234375 1 0.6368168937500001 0.9827638375 0.627723653125 0.9359831671875 0.44366855625 0.9717598531249999 0.44915788437500004 1 0.5481445234375 1
1 0.572801421875 0.665716003125 0.41252010781250004 0.6968715343749999 0.4457626125 0.8678893953125 0.6060439265625 0.8367338640625 0.572801421875 0.665716003125
1 0.389166671875 0.7937321828125 0.2526591421875 0.820266559375 0.2830693265625 0.9767133921875001 0.41957685624999996 0.950179015625 0.389166671875 0.7937321828125
1 0.719826471875 0.7342336640625 0.5787175640625 0.7616624578125 0.6189663359375001 0.9687244406250001 0.76007524375 0.9412956484375 0.719826471875 0.7342336640625
6 0.67014115 0.17563860625 0.5067922515625 0.207390415625 0.5486807890625001 0.4228882578125 0.7120296875000001 0.3911364484375 0.67014115 0.17563860625
6 0.1966845703125 0.687889878125 0.044839115624999995 0.7174056453125 0.0804667328125 0.9006938453125001 0.2323121875 0.8711780796875 0.1966845703125 0.687889878125
6 1 0.48398883281250005 0.944666984375 0.49474448125 0.9737355421875 0.644289246875 1 0.639183953125 1 0.48398883281250005
6 0.3674957984375 0.551224125 0.2141165515625 0.5810380312500001 0.236178840625 0.6945386734375 0.3895580890625 0.66472476875 0.3674957984375 0.551224125