3 0.2469183234375 0.157227125 0.37796543125 0.1733176875 0.3937703625 0.0445968578125 0.262723253125 0.028506296874999996 0.2469183234375 0.157227125
6 0.08046376250000001 0 0.07458119375 0.047909676562499996 0.24517506406249998 0.0688559703125 0.2536295140625 0 0.08046376250000001 0
3 0.6871714015625 0.8795457828125001 0.860866978125 0.9008729171875001 0.8831462171875 0.719423075 0.709450640625 0.6980959390625 0.6871714015625 0.8795457828125001
3 0.1710120984375 0.9421081171875001 0.3253220078125 0.9610549921875 0.3476964578125 0.778829721875 0.1933865484375 0.759882846875 0.1710120984375 0.9421081171875001
3 0.3269081359375 0.710946521875 0.518438525 0.734463496875 0.5426219734375 0.5375051187500001 0.35109158281249997 0.5139881453124999 0.3269081359375 0.710946521875
6 0.8069784999999999 1 0.8192933124999999 0.8997038984374999 0.6580045625000001 0.8799001296875 0.643258153125 1 0.8069784999999999 1
6 0.21084930000000002 0.5471440484375 0.38144317031249997 0.5680903421875 0.4035319890625 0.3881913515625 0.23293811875 0.36724505937499996 0.21084930000000002 0.5471440484375
6 0.5181065421875 1 0.5391866109375 0.8283166187500001 0.34610536718749996 0.8046092234375 0.32430217968749997 0.9821819328125001 0.46941869374999995 1 0.5181065421875 1
6 0.7977393359375 0.6585609359375 0.9652315 0.6791263890625 0.9857969515624999 0.511634225 0.8183047890624999 0.4910687734375 0.7977393359375 0.6585609359375
6 0.4813455515625 0.344221696875 0.6341046078125 0.36297815 0.6540987968749999 0.20013854687500002 0.501339740625 0.18138209375 0.4813455515625 0.344221696875
6 0.3000694203125 0 0.2967330734375 0.0271723578125 0.49601773125 0.0516414359375 0.5023585015625 0 0.3000694203125 0