3 0.210008134375 0.3498469 0.223528015625 0.4599574890625 0.394121884375 0.43901119531250005 0.3806020046875 0.32890060625 0.210008134375 0.3498469
3 0.1958845421875 0.47200996718750005 0.21492662812500002 0.6270953031250001 0.36691025625 0.6084340609375001 0.34786817187499997 0.453348725 0.1958845421875 0.47200996718750005
3 0.2304214171875 0.6314897187499999 0.2539383921875 0.823020109375 0.45012134374999996 0.798931871875 0.42660436874999996 0.6074014812499999 0.2304214171875 0.6314897187499999
6 0.2228747234375 1 0.3679358875 0.9821887281249999 0.3436572296875 0.784454925 0.14437257187500002 0.808924003125 0.1678337546875 1 0.2228747234375 1
6 0.12807983125 0.592893078125 0.00943955 0.607460271875 0.0325756828125 0.79588895625 0.151215965625 0.7813217609375 0.12807983125 0.592893078125
6 0 0.53058130625 0.0042981875 0.56558723125 0.0283364140625 0.5626357093750001 0.00691406875 0.3881647046875 0 0.3890136453125 0 0.53058130625
3 0.0207353078125 0.40457136250000003 0.032827032812500004 0.5030505515625 0.19256492812499998 0.483437203125 0.1804732046875 0.384958015625 0.0207353078125 0.40457136250000003
3 0.676013915625 0.8373135843749999 0.692961371875 0.9753395328125001 0.845720428125 0.9565830796875 0.8287729718750001 0.8185571296875 0.676013915625 0.8373135843749999
3 0.5845569359375 0.118098465625 0.6039798625 0.27628550937499996 0.7474337984375 0.2586715796875 0.728010871875 0.1004845375 0.5845569359375 0.118098465625
6 0 0.39845905 0.0592347546875 0.3911859375 0.0405735109375 0.2392023078125 0 0.2441841078125 0 0.39845905
6 0.057503253125 0.56299005625 0.076164496875 0.7149736859375 0.22969897968750003 0.696122021875 0.21103773593750003 0.5441383921875 0.057503253125 0.56299005625
3 0.40667309218750003 0.0604410328125 0.40029399374999997 0.0084874453125 0.263043471875 0.025339690625 0.2694225703125 0.077293278125 0.40667309218750003 0.0604410328125