6 0.395616259375 0.683500725 0.2292821703125 0.7068774578125 0.2509192375 0.8608331953125001 0.417253328125 0.8374564640625 0.395616259375 0.683500725
6 0.1506796171875 0.6303533406249999 0.04623728125 0.6450317531249999 0.06124188125 0.7517950296875 0.16568421718749998 0.7371166171875 0.1506796171875 0.6303533406249999
6 0 0.5349634046875 0.015303948437500001 0.64385665625 0.0717801734375 0.6359194390625 0.048294712499999996 0.468811703125 0 0.4755990828125 0 0.5349634046875
6 0.212939315625 0.410959590625 0.0373214625 0.43564107031250004 0.059937090625 0.59655963125 0.23555494375000002 0.5718781515625 0.212939315625 0.410959590625
6 0.3264186578125 0.3090179796875 0.1299123390625 0.3366351421875 0.151440678125 0.48981723437499997 0.347946996875 0.462200071875 0.3264186578125 0.3090179796875
6 0.38984928750000003 0.1091828609375 0.3762581640625 0.0124769953125 0.1882619609375 0.0388981375 0.201853084375 0.1356040046875 0.38984928750000003 0.1091828609375
6 0.4650365984375 0 0.45207556406249993 0.0018215546874999998 0.47588721093749997 0.17125023125 0.6050862484375 0.15309249062500002 0.5835705015625 0 0.4650365984375 0
6 0.73459471875 0.047320278125 0.5783180390625 0.0692835328125 0.5984329015625 0.21240821406250002 0.75470958125 0.190444959375 0.73459471875 0.047320278125
6 0.8299149390625 0 0.7322403140625 0.013727273437500001 0.7532250078125 0.1630411296875 0.9358056828124999 0.1373810890625 0.9164980296874999 0 0.8299149390625 0
6 0.6452155359375 0.19163264375 0.485070621875 0.21413954375 0.5007275953125 0.32554470156250004 0.6608725109375 0.30303780156250004 0.6452155359375 0.19163264375
6 0.401362015625 0.1967136921875 0.2002138140625 0.224983228125 0.22261198593749998 0.3843544953125 0.4237601875 0.356084959375 0.401362015625 0.1967136921875