3 0.330240521875 1 0.3214388328125 0.9162575265624999 0.141958709375 0.9351216484375 0.1487776984375 1 0.330240521875 1
6 0.09986714375 0.75886838125 0.025278001562500003 0.766708015625 0.039487340625 0.9019008359375 0.1140764828125 0.8940612 0.09986714375 0.75886838125
4 0.71434100625 0.6110159203125 0.8674041421875 0.5949283375000001 0.853194803125 0.4597355171875 0.70013166875 0.47582310000000005 0.71434100625 0.6110159203125
6 0.5899394140625 0.653156528125 0.7927286437500001 0.631842521875 0.77010803125 0.4166217671875 0.5673188015624999 0.43793577499999997 0.5899394140625 0.653156528125
6 0.8025680718749999 0.471341028125 0.95563120625 0.45525344375000004 0.933745559375 0.247025421875 0.7806824234375 0.26311300625 0.8025680718749999 0.471341028125
6 0.5402485109375 0.43449655 0.73837591875 0.41367252031249996 0.7187768328125 0.227199665625 0.5206494234375 0.2480236953125 0.5402485109375 0.43449655
6 0.33187882968750004 1 0.44369607499999997 0.988247534375 0.42671020000000004 0.826637725 0.267431303125 0.8433786124999999 0.2838928734375 1 0.33187882968750004 1
6 0.0761940734375 0.7354332609374999 0.23935782187500002 0.718284059375 0.2240052046875 0.57221365625 0.06084145625 0.58936285625 0.0761940734375 0.7354332609374999
6 0.2778611390625 0.5689098296874999 0.4620030828125 0.54955573125 0.441015728125 0.34987438125 0.2568737828125 0.3692284796875 0.2778611390625 0.5689098296874999
6 0 0.4629990359375 0.18145628125 0.44392721249999995 0.1602239375 0.241914953125 0 0.2587551671875 0 0.4629990359375
6 0 0.1739154046875 0.037189725 0.17000660781250002 0.024286992187500002 0.0472453125 0 0.049797978124999996 0 0.1739154046875
6 0.77895139375 0 0.7886016015624999 0.091815590625 0.9579811109374999 0.07401308749999999 0.9502020218749999 0 0.77895139375 0
6 0.9141253578124999 0.1948844078125 0.9700672140625001 0.18900468125 0.95389796875 0.0351645765625 0.8979561109375 0.0410443015625 0.9141253578124999 0.1948844078125
6 0.3998947328125 0.242647796875 0.5498499875 0.226886865625 0.5312308546875 0.049737653124999996 0.3812756 0.065498584375 0.3998947328125 0.242647796875
6 0.2570676078125 0.17674753906250001 0.2410616875 0.0244613734375 0.060804593750000004 0.0434071578125 0.0768105140625 0.1956933234375 0.2570676078125 0.17674753906250001
3 0.1526825765625 0.6111321000000001 0.3166232953125 0.5939012359375 0.29963742031249996 0.432291428125 0.1356967015625 0.44952229218750006 0.1526825765625 0.6111321000000001
3 0.21229417343749998 1 0.221729925 0.9990082625 0.20294746562500002 0.820305109375 0.0327909859375 0.8381892765625001 0.049797978124999996 1 0.21229417343749998 1
3 0.46942479375 0.94155235 0.654343709375 0.9221165875 0.6336830046874999 0.7255431203125 0.448764090625 0.74497888125 0.46942479375 0.94155235
3 0.17259189218749998 0.90519315625 0.3132235046875 0.890412178125 0.297707559375 0.742787834375 0.1570759484375 0.7575688125 0.17259189218749998 0.90519315625