6 0.3222114828125 0.9573551281249999 0.3273918765625 0.8090080531250001 0.21105653750000003 0.8049455328124999 0.20587614375 0.9532926093749999 0.3222114828125 0.9573551281249999
6 0.5374473703125 0.8155616265625 0.5406101375000001 0.7249918328125 0.346197390625 0.7182027890625 0.3430346234375 0.8087725828125001 0.5374473703125 0.8155616265625
6 0.3315287609375 0.6457717390625 0.33771796875 0.468536021875 0.2034248265625 0.4638464015625 0.19723561875 0.64108211875 0.3315287609375 0.6457717390625
6 0.132091815625 0.4918427203125 0.1381992265625 0.316949325 0.00702918125 0.3123687671875 0.00092176875 0.48726216093749997 0.132091815625 0.4918427203125
1 0.2128436703125 0.5970687703124999 0.219278265625 0.4128060859375 0.062342675 0.407325775 0.0559080796875 0.591588459375 0.2128436703125 0.5970687703124999
6 0.883912809375 0.5423304 0.889393121875 0.38539480937500004 0.7808655234375 0.38160494218749996 0.7753852125 0.5385405328124999 0.883912809375 0.5423304
6 0.9239627484374999 0.9400641625 0.9287886953125 0.8018671484375 0.751552978125 0.795677940625 0.7467270312500001 0.9338749546875 0.9239627484374999 0.9400641625
5 0.5057344921875 0 0.5048929156249999 0.0240996046875 0.6563630875 0.029389059375 0.657208309375 0.0051850625 0.5087275390625 0 0.5057344921875 0
5 0.0171556125 0 0.016418339062500002 0.02111276875 0.15071148125 0.025802387500000003 0.1516125203125 0 0.0171556125 0
6 1 0.32906436875 0.9680084046875 0.32794719843750003 0.9631824578125 0.46614421093749997 1 0.46742990625 1 0.32906436875
6 0.98228288125 0.7474509203124999 0.9882812328125 0.575680621875 0.86101505625 0.5712363890625001 0.85501670625 0.7430066875 0.98228288125 0.7474509203124999
6 0.44740808750000005 0.2151785625 0.4516069328125 0.0949393546875 0.2993559859375 0.089622634375 0.295157140625 0.20986184375 0.44740808750000005 0.2151785625
6 0 0.9828443874999999 0.06327456875000001 0.9850539843749999 0.06395619999999999 0.96553463125 0 0.96330123125 0 0.9828443874999999
6 0 0.9195245640625 0.0038018999999999996 0.9196573296875 0.0102092296875 0.7361754203124999 0 0.73581890625 0 0.9195245640625