1 1 0.45885525781250003 0.9121892062500001 0.44337184531249996 0.8797658359374999 0.6272539187499999 0.982093515625 0.6452970484375 1 0.5437443281250001 1 0.45885525781250003
1 0.711285925 0.377008396875 0.91209438125 0.4124163453125 0.9461457031249999 0.21930170000000002 0.7453372484375 0.1838937515625 0.711285925 0.377008396875
1 0.5382939453125 0.22433672968749999 0.7375636390625 0.25947335312500003 0.7583200234375 0.14175805156250001 0.5590503296875 0.106621428125 0.5382939453125 0.22433672968749999
1 0.503280171875 0 0.4848292328125 0.104640475 0.627164728125 0.1297380625 0.6468358109375 0.018177809375 0.5437443281250001 0 0.503280171875 0
1 0.8001360468750001 0.13405860625 0.8153302625000001 0.0478879265625 0.6252931421875 0.0143792546875 0.6100989265625001 0.100549934375 0.8001360468750001 0.13405860625
1 0.9162158843749999 0.11010169843749999 0.9238129921875 0.067016359375 0.7991732609375 0.045039012499999996 0.7915761531250001 0.08812435156250001 0.9162158843749999 0.11010169843749999
7 0.40572525156249994 0.7872115 0.5919154671875 0.8200418578124999 0.61755570625 0.6746288390624999 0.431365490625 0.6417984796875 0.40572525156249994 0.7872115
1 0.669072790625 0.7828754453125 0.8514161 0.8150274906250001 0.874750075 0.6826939484375 0.6924067640625 0.6505419031249999 0.669072790625 0.7828754453125
1 0.5562005046875 0.766146225 0.6777627125000001 0.787580921875 0.711271384375 0.5975438 0.5897091765625 0.5761091031250001 0.5562005046875 0.766146225
1 0.18754595937500002 0 0.1680338859375 0.11065846718750001 0.3342201953125 0.139961596875 0.35889920000000003 0 0.18754595937500002 0
1 0.080450184375 0 0.06416744375 0.0923440109375 0.1110996890625 0.10061943124999999 0.128841609375 0 0.080450184375 0