6 0.22626878125 1 0.23341274687500002 0.9995004453125 0.2222953078125 0.8405136734375 0.050059640625 0.852557565625 0.0603698203125 1 0.22626878125 1
6 0.06193613437499999 1 0.0531442578125 0.8742702843749999 0.02508776875 0.8762321859375 0.0337424578125 1 0.06193613437499999 1
6 0.09521333125 0.658309625 0.10654875781249999 0.8204137828125001 0.265535528125 0.8092963453124999 0.2542001015625 0.6471921875 0.09521333125 0.658309625
6 0.2116138484375 0.6877616796875 0.22518366250000002 0.8818190609375 0.4020954125 0.8694481859375 0.3885255984375 0.6753908046875 0.2116138484375 0.6877616796875
3 0.10611921093750001 0.5118796734375 0.11636469218750001 0.65839689375 0.2870416671875 0.6464619968750001 0.27679618437500003 0.49994477656249997 0.10611921093750001 0.5118796734375
3 0.5112862703125 0.6950002203125 0.5218587359375 0.846193521875 0.67461073125 0.8355120609375 0.664038265625 0.6843187609375 0.5112862703125 0.6950002203125
3 0.9205157359375 0.20823683437499999 0.9805254484375 0.204040546875 0.9674461093750001 0.0169972875 0.9074363968749999 0.021193575 0.9205157359375 0.20823683437499999
6 0.5924915234375 0.5123281484375 0.6030094906250001 0.662742103125 0.7495267109375 0.6524966203125 0.7390087421875 0.5020826656249999 0.5924915234375 0.5123281484375
6 0.50519435 0.339089440625 0.5183281859375 0.5269120468749999 0.7100475265624999 0.513505725 0.696913690625 0.32568311875 0.50519435 0.339089440625
6 0.807171315625 0.5920783609375 0.8169808203125 0.7323608046875 0.9580426109375001 0.7224968031250001 0.9482331078125 0.582214359375 0.807171315625 0.5920783609375
6 0 0.3744160703125 0.026675345312499998 0.3725507484375 0.015612403124999999 0.21434332500000003 0 0.21543505000000002 0 0.3744160703125