6 0.008651368750000001 0 0.006416284375 0.1280478765625 0.033755870312500005 0.128525090625 0.0359992828125 0 0.008651368750000001 0
6 0.008651368750000001 0 0.0082842375 0.021032928125 0.17388401250000002 0.0239234828125 0.174301596875 0 0.008651368750000001 0
6 0.0537670875 0.011669035937499999 0.05082199375 0.1803933359375 0.204704803125 0.1830793703125 0.20764989687500002 0.014355071875 0.0537670875 0.011669035937499999
6 0.22535902968750002 0.2084436984375 0.2218821828125 0.40763210625 0.3796706484375 0.41038631406250003 0.38314749375 0.21119790625 0.22535902968750002 0.2084436984375
6 0.009934440625 0.23984505312499999 0.006443959375 0.43981459218749996 0.1986021875 0.44316872656250006 0.20209266874999998 0.2431991875 0.009934440625 0.23984505312499999
6 0.42433968125000004 0 0.42345052968749997 0.0509393828125 0.589831434375 0.0538435734375 0.590744959375 0.0015077953125 0.5043634109374999 0 0.42433968125000004 0
2 0.860504709375 0.5727089984375 0.8578459453124999 0.7250295453125 0.9875136921875001 0.7272929046875001 0.9901724578125 0.5749723578125 0.860504709375 0.5727089984375
6 0.606698765625 0.027571446875 0.604271790625 0.1666127671875 0.7237848359375 0.168698875 0.7262118109375 0.029657554687499997 0.606698765625 0.027571446875
6 0.7317368515625 0.5188909921875 0.72873721875 0.690739815625 0.840438953125 0.6926895765625 0.8434385859375 0.5208407546875 0.7317368515625 0.5188909921875
6 0.130642421875 0.8897069249999999 0.1288290078125 0.9935973499999999 0.2624024109375 0.9959288828125 0.264215825 0.8920384578125 0.130642421875 0.8897069249999999
6 0.03061279375 0.8457669750000001 0.0281176453125 0.9887139515625 0.189030634375 0.9915226968749999 0.1915257828125 0.8485757218750001 0.03061279375 0.8457669750000001
6 0.085678653125 0.10833444218749999 0.006784421875 0.1069573390625 0.0043983500000000005 0.243655265625 0.0832925828125 0.2450323703125 0.085678653125 0.10833444218749999
6 1 0.3571419453125 0.98928975 0.356954996875 0.986944584375 0.49130953125000004 1 0.49153741406250007 1 0.3571419453125
6 0.118751753125 0.6308662328125 0.11633841250000002 0.769126421875 0.273345746875 0.77186699375 0.2757590875 0.6336068046875 0.118751753125 0.6308662328125