7 0.6904660375 0.62587645 0.8324462359375 0.6483639046875 0.8629998437499999 0.45545602656249995 0.7210196437499999 0.43296857187500004 0.6904660375 0.62587645
1 1 0.0729596578125 0.8320840015625001 0.0463643765625 0.820718059375 0.11812610625 0.9951067828125 0.1457465671875 1 0.11485200625 1 0.0729596578125
1 0.9270403421875001 1 0.945202828125 0.8853265765625 0.851835415625 0.8705386296875 0.8313307484375001 1 0.9270403421875001 1
1 0.772797609375 1 0.7995010453125 0.831401134375 0.5734130109375 0.79559230625 0.543103834375 0.9869569234375 0.6254545796875 1 0.772797609375 1
1 0.5797964437500001 1 0.6014458015625 0.8633113343750001 0.3846173453125 0.82896908125 0.360052246875 0.9840670156250001 0.46064914687499997 1 0.5797964437500001 1
1 0.16699098750000002 0.9345053953125 0.3683868125 0.9664033609375 0.3874522640625 0.8460288437499999 0.1860564375 0.8141308796875 0.16699098750000002 0.9345053953125
1 0.3910632203125 0.2588963984375 0.558507259375 0.28541692812499997 0.58527221875 0.1164296265625 0.41782817968749997 0.08990909531249999 0.3910632203125 0.2588963984375
1 0.23194832187499997 0 0.22773841250000001 0.026580321875 0.42759097500000004 0.058233859374999995 0.43681431093749995 0 0.23194832187499997 0
1 0.6320782203124999 0.250401109375 0.8103251015625 0.2786326421875 0.8385566328125 0.1003857609375 0.6603097531250001 0.0721542296875 0.6320782203124999 0.250401109375
1 1 0.34189570625 0.8615211953124999 0.31996281875 0.835367309375 0.48509196250000003 1 0.51116721875 1 0.34189570625
1 0.6032955 0.392175225 0.793116853125 0.4222399734375 0.8143821625 0.2879760890625 0.6245608109375 0.257911340625 0.6032955 0.392175225