1 0.9662575421874999 1 0.972514353125 0.91052345 0.9327676609375001 0.907744090625 0.9263164984375001 1 0.9662575421874999 1
1 0.9075207140625 1 0.9167337 0.8682481578125 0.7795686421875 0.8586566421875 0.7696849515624999 1 0.9075207140625 1
1 0.5990276671875 0.9877835375 0.7237231734375 0.9965030968749999 0.737728965625 0.7962109390625 0.613033459375 0.7874913796875 0.5990276671875 0.9877835375
1 0.0423392328125 0.8290329562500001 0.204443390625 0.8403683828125 0.21626929218750002 0.671250103125 0.054165134375 0.6599146765625 0.0423392328125 0.8290329562500001
1 0.1727950609375 0.7441763890625 0.387894809375 0.759217628125 0.39590590468750003 0.64465363125 0.18080615625000002 0.6296123921875 0.1727950609375 0.7441763890625
1 0.32507713437499997 0 0.317457196875 0.10897017812500001 0.4234483765625 0.11638180468749999 0.431586584375 0 0.32507713437499997 0
1 0.2776186203125 0.3426980296875 0.4560890640625 0.3551778984375 0.4666615296875 0.20398459687499998 0.2881910859375 0.191504728125 0.2776186203125 0.3426980296875
1 0.5150686703125 0.34050636875 0.6545717671875 0.350261375 0.66667015625 0.17724636093749999 0.5271670578125 0.16749135312500002 0.5150686703125 0.34050636875
1 0.6394097624999999 0.29829589218749997 0.778912859375 0.3080509 0.79084775625 0.137373925 0.6513446593750001 0.12761891875 0.6394097624999999 0.29829589218749997
1 1 0.48170867968750003 0.821679353125 0.46923928593750003 0.808327528125 0.6601792796875 0.986797971875 0.6726591484375 1 0.48386135 1 0.48170867968750003
1 0.6191802390625 0.5427928343749999 0.7937539484375 0.5550002171874999 0.8026914968750001 0.4271873234375 0.6281177875 0.414979940625 0.6191802390625 0.5427928343749999