3 0.4222002765625 0 0.4000223171875 0.09606329375 0.543894146875 0.129278721875 0.57289174375 0.00367633125 0.5569678046875 0 0.4222002765625 0
6 0.364076253125 0.6337903484375 0.4025639734375 0.4670817203125 0.254886009375 0.432987575 0.216398290625 0.5996962031249999 0.364076253125 0.6337903484375
6 0.8977179578125 1 0.912494253125 0.9359968375 0.8378940453125001 0.9187740218749999 0.81914155 1 0.8977179578125 1
6 0.846514265625 0.78766534375 0.888341103125 0.606493409375 0.7223937015625 0.5681814328125 0.6805668640625 0.7493533671875 0.846514265625 0.78766534375
4 0.106870746875 0.872679409375 0.0959746796875 0.9198754593749999 0.2421301890625 0.9536181171875 0.25302625624999997 0.9064220671875001 0.106870746875 0.872679409375
1 0.6483789765625 0.5518955875 0.69196324375 0.3631113875 0.513836215625 0.3219875234375 0.4702519484375 0.5107717234375 0.6483789765625 0.5518955875
3 0.64515093125 1 0.6495097921874999 0.9811197015625 0.5056379625 0.9479042734375 0.49361071562500003 1 0.64515093125 1
3 0.826331240625 0.5833575046874999 0.8641159875 0.41969378281249997 0.700452265625 0.381909034375 0.66266751875 0.54557275625 0.826331240625 0.5833575046874999
3 0.8104394656249999 0.8258412249999999 0.9314744984375001 0.8537843640625 0.969786475 0.6878369625 0.8487514421875 0.6598938234375 0.8104394656249999 0.8258412249999999
3 0.19128185 0 0.1811405375 0.043926853125 0.3349083140625 0.079426940625 0.35324546875 0 0.19128185 0
3 0 0.5288899203125 0.00173434375 0.5292903250000001 0.0421552375 0.354208203125 0.02160211875 0.34946314218749996 0 0.44303219531250004 0 0.5288899203125
4 0.1838877921875 0.7196767765625001 0.21622450624999998 0.5796110796875 0.07083022343749999 0.546044165625 0.038493509375 0.6861098625000001 0.1838877921875 0.7196767765625001