7 0.6894883218750001 0.632049503125 0.831468521875 0.6545369578125 0.862022128125 0.461629078125 0.720041928125 0.43914162343749996 0.6894883218750001 0.632049503125
1 0.8598063296875 1 0.8614042 0.9899114453125 0.687015478125 0.9622909859375 0.68104295625 1 0.8598063296875 1
1 1 0.0990622734375 0.9746609140625001 0.09504895625000001 0.9491180984375 0.25631994375 1 0.2643788453125 1 0.0990622734375
1 0.66116296875 0.241560878125 0.887251003125 0.2773697046875 0.91756018125 0.0860050890625 0.691472146875 0.0501962625 0.66116296875 0.241560878125
1 0.51591315 0 0.49192161093750003 0.1514766109375 0.7087500671875 0.1858188640625 0.7333151671875 0.0307209296875 0.53935085625 0 0.51591315 0
1 0.3150021015625 0 0.298493709375 0.104229884375 0.4998895359375 0.13612785 0.5189549859375 0.0157533328125 0.41949235781249994 0 0.3150021015625 0
1 0.295124896875 0.8646271375 0.46256893593750004 0.8911476687500001 0.48933389375 0.722160365625 0.32188985625 0.6956398359375 0.295124896875 0.8646271375
1 0.0947691171875 0.8661154124999999 0.08303653125 0.9401920374999999 0.2828890953125 0.9718455734375 0.29462167968749997 0.8977689484375 0.0947691171875 0.8661154124999999
1 0.520252021875 0.9564439468750001 0.6984989015624999 0.984675478125 0.7267304343750001 0.8064285984374999 0.548483553125 0.778197065625 0.520252021875 0.9564439468750001
1 0.788192540625 0.782941728125 0.9571798421875 0.8097066875 0.9833337296875 0.6445775421875 0.8143464281250001 0.617812584375 0.788192540625 0.782941728125
1 0.5436548609375 0.7687314046875 0.7334762125000001 0.798796153125 0.7547415234375 0.66453226875 0.5649201703125 0.6344675203125 0.5436548609375 0.7687314046875