6 0.5281053078125 0.36433258125 0.3507885671875 0.36742765781250003 0.3526565203125 0.47444260624999995 0.5299732609375 0.47134753125 0.5281053078125 0.36433258125
6 0.20636113906250003 0.37463686093750004 0.050916067187500004 0.377350165625 0.0530158109375 0.49764434062499996 0.20846088125 0.49493103749999995 0.20636113906250003 0.37463686093750004
5 0.4699747859375 0.0332654265625 0.46940212812500004 0.00045792343750000004 0.2803684234375 0.00375751875 0.28094108125 0.036565021875 0.4699747859375 0.0332654265625
6 0.358769628125 0.1531932390625 0.35613813125 0.0024349546875 0.20537984687500002 0.00506645 0.2080113421875 0.1558247359375 0.358769628125 0.1531932390625
6 0 0.278223675 0.1108801765625 0.27628825468749996 0.1086168171875 0.14662050625 0 0.1485164203125 0 0.278223675
6 0 0.17039475312500002 0.1324325203125 0.168083134375 0.1303327765625 0.047788959375 0 0.05006392656250001 0 0.17039475312500002
6 0.413263640625 0.2311603125 0.27344118906250003 0.233600921875 0.2762499359375 0.3945139109375 0.41607238750000003 0.39207330156250003 0.413263640625 0.2311603125
6 0.6101720640625 0.9028260843749999 0.611835496875 0.9981240687499999 0.8164918218749999 0.9945517781250001 0.8148283890625001 0.8992537953124999 0.6101720640625 0.9028260843749999
6 0.0828814234375 1 0.081741775 0.9347095703124999 0.007534329687499999 0.9360048671874999 0.008651368750000001 1 0.0828814234375 1
6 1 0.6412953171875 0.9478625375 0.6422053796875 0.9510257859375001 0.8234277750000001 1 0.8225729265625 1 0.6412953171875
6 0.7134106078125 0.3712558625 0.5306259515625 0.37444638124999996 0.5324802703125 0.48068019843750004 0.7152649265625 0.47748968124999996 0.7134106078125 0.3712558625