6 0.6797460015625 0.6107242359375 0.6973035171874999 0.7777728359375 0.8519205921875 0.761521925 0.8343630781250001 0.5944733265625 0.6797460015625 0.6107242359375
6 0.618082828125 0.853656853125 0.6291073140625 0.9585478343749999 0.73632920625 0.947278359375 0.72530471875 0.842387378125 0.618082828125 0.853656853125
6 0.5262038859375 1 0.6268533734374999 0.9894213125 0.620891984375 0.9327024859374999 0.45306641562500005 0.9503416640625 0.4582857171875 1 0.5262038859375 1
6 0.4009955578125 0.78377835 0.41953302812500004 0.9601505921875001 0.5811428359375 0.9431647171875 0.562605365625 0.766792475 0.4009955578125 0.78377835
6 0.30307641875 0.666810425 0.3238187859375 0.8641608625 0.47765889218749996 0.847991615625 0.456916525 0.650641178125 0.30307641875 0.666810425
6 0.10557673125 0.596444290625 0.008455453125 0.6066521484375 0.028299528125 0.7954559140625 0.12542080625000002 0.78524805625 0.10557673125 0.596444290625
6 0 0.526203890625 0.0004524921875 0.530509065625 0.1706089734375 0.5126248984374999 0.15697127500000002 0.3828708703125 0 0.399369215625 0 0.526203890625
6 0.055783275 0.2497498953125 0.0722791734375 0.40669788125000006 0.216018665625 0.391590253125 0.19952276875 0.234642265625 0.055783275 0.2497498953125
6 0.0028561312500000003 0.06756551250000001 0.0221285671875 0.2509304875 0.172083821875 0.23516955468749998 0.15281138593750002 0.05180458125 0.0028561312500000003 0.06756551250000001
6 0.19688844218749998 0.344111059375 0.21379265468750003 0.504943896875 0.3256763671875 0.49318444531249994 0.3087721546875 0.3323516078125 0.19688844218749998 0.344111059375
6 0.1934560296875 0.5879933562499999 0.21468837500000001 0.7900056171875 0.3747442421875 0.7731830671875 0.35351189843749997 0.5711708078125 0.1934560296875 0.5879933562499999