1 0.21825887812500003 0.4145218703125 0.102868028125 0.43904895312500003 0.1459122453125 0.6415560734375 0.2613030953125 0.6170289906249999 0.21825887812500003 0.4145218703125
1 0.1504883859375 1 0.165513753125 0.996806259375 0.131240809375 0.8355647421875 0.06322898437499999 0.8500211015625 0.0951079828125 1 0.1504883859375 1
1 0.26661127812499996 0.7396997578125 0.0870294921875 0.7778710453125 0.11805381562499999 0.9238290078125001 0.2976356015625 0.8856577203124999 0.26661127812499996 0.7396997578125
1 0.33179996875 0.452686846875 0.2041822734375 0.47981282500000005 0.2480386453125 0.686140834375 0.37565634062500003 0.65901485625 0.33179996875 0.452686846875
1 0 0.2895197703125 0.0033445875 0.30525481718749997 0.15618015000000002 0.272768615625 0.1233690859375 0.11840469687499999 0 0.14462760624999998 0 0.2895197703125
1 0.3328347203125 0.156946575 0.305871171875 0.030093059374999998 0.11100582968749999 0.07151296562500001 0.13796937812500001 0.1983664828125 0.3328347203125 0.156946575
1 0.6023640390625 0.169942265625 0.414376296875 0.20990029375 0.447512221875 0.36579256875 0.6354999640625 0.325834540625 0.6023640390625 0.169942265625
1 0.6616313671875 0 0.5841203296875 0.0164754796875 0.6224540484375 0.1968214421875 0.817319390625 0.1554015359375 0.784287775 0 0.6616313671875 0
1 0.5132227828125 0.7200277125000001 0.3993602890625 0.7442299328125 0.4414299203125 0.9421519859374999 0.5552924140625 0.917949765625 0.5132227828125 0.7200277125000001
1 0.7413315890625001 0.7034898328125 0.560221446875 0.74198598125 0.58848444375 0.8749529203125 0.769594584375 0.8364567718749999 0.7413315890625001 0.7034898328125
1 0.7612955625 0.8725650375 0.6390271125 0.8985540000000001 0.65543264375 0.9757359578125 0.77770109375 0.949746996875 0.7612955625 0.8725650375
1 1 0.47199467031250003 0.910233990625 0.49107502500000005 0.9657853953125001 0.7524238375000001 1 0.7451512984375 1 0.47199467031250003
1 1 0.447447884375 0.974455009375 0.3272681515625 0.90567900625 0.34188694218750004 0.9380027765625 0.4939583265625 1 0.480780409375 1 0.447447884375
6 0 0.15501075312499998 0.062053931250000006 0.1418207828125 0.0498716046875 0.084507446875 0 0.095107984375 0 0.15501075312499998
7 0.761017034375 0.315129134375 0.6120023609375 0.34680318125 0.6366918734375 0.462958209375 0.785706546875 0.4312841625 0.761017034375 0.315129134375