7 0.6074220718750001 0.426050321875 0.62697638125 0.302589278125 0.4711068140625 0.2779019640625 0.45155250625 0.4013630078125 0.6074220718750001 0.426050321875
1 0.8052740046875 0.98972216875 0.8311834625 0.8261362859375 0.6915181578125 0.8040154749999999 0.6656087 0.96760135625 0.8052740046875 0.98972216875
6 0.775172871875 0.4905868796875 0.795460465625 0.3624960484375 0.6658263703125 0.341964025 0.6455387765625 0.47005485625 0.775172871875 0.4905868796875
6 0.4579435546875 0.28609995781249997 0.48715280156249996 0.101680025 0.2873002390625 0.0700264890625 0.258090990625 0.254446421875 0.4579435546875 0.28609995781249997
6 0.44720549062500004 0.4038384609375 0.46688201406249996 0.2796057875 0.29095002812500004 0.25174089843749997 0.2712735046875 0.375973571875 0.44720549062500004 0.4038384609375
5 0.5863101421875 0.57932221875 0.604886734375 0.462034228125 0.4343561703125 0.435024840625 0.4157795765625 0.55231283125 0.5863101421875 0.57932221875
6 0.7792372750000001 0.73960096875 0.8067355203125001 0.5659838781250001 0.6454645343750001 0.5404410625 0.6179662875 0.7140581546875 0.7792372750000001 0.73960096875
6 0.8116405796875 0.0755569796875 0.8166513703125 0.043920087499999996 0.6353179640625 0.015199696874999998 0.6303071734375 0.0468365890625 0.8116405796875 0.0755569796875
6 0.9270403421875001 1 0.9411697531250001 0.910790415625 0.8925569671875 0.9030909078124999 0.8772080750000001 1 0.9270403421875001 1
6 0.762433690625 0.3762488421875 0.7880987203125 0.2142062234375 0.6607795203125 0.19404084375 0.635114490625 0.3560834609375 0.762433690625 0.3762488421875
7 0.723277103125 0.5535563515625 0.7389205484375 0.4547875171875 0.5583587734375 0.42618934218750004 0.542715328125 0.5249581765625 0.723277103125 0.5535563515625