6 0.7793362953125 0.8424323734374999 0.91898839375 0.8497512296874999 0.92630725 0.71009913125 0.7866551515625 0.7027802750000001 0.7793362953125 0.8424323734374999
6 0.6831587703124999 0.9758629437499999 0.8048667453125 0.9822413875 0.8143117500000001 0.8020199640625 0.692603775 0.79564151875 0.6831587703124999 0.9758629437499999
6 0.9627474515625 1 0.9695398171875 0.8703939281249999 0.8010210843750001 0.8615622343749999 0.79376586875 1 0.9627474515625 1
6 0.2783583265625 0.3553894875 0.4492175984375 0.3643438421875 0.45829461718750003 0.1911440328125 0.2874353453125 0.182189678125 0.2783583265625 0.3553894875
6 0.025517715625 0 0.01757175625 0.1516179609375 0.0916887921875 0.1555022703125 0.09983832031249999 0 0.025517715625 0
6 0.5728749859375 0.826135940625 0.7164279812500001 0.833659234375 0.7268133984375 0.6354936859375 0.5832604031249999 0.6279703921875 0.5728749859375 0.826135940625
6 0.476940546875 0.7608694234375 0.606450315625 0.76765674375 0.613850946875 0.6264442859375 0.48434117812500005 0.6196569656250001 0.476940546875 0.7608694234375
6 0.4127094875 0.8967565593750001 0.5586030203125001 0.9044025140624999 0.5664534140625 0.754608084375 0.42055988125 0.7469621281250001 0.4127094875 0.8967565593750001
6 0.8952249796875 0.9001391046875 0.9794843468750001 0.90455495 0.9905239625 0.6939065328125 0.9062645953124999 0.6894906859375001 0.8952249796875 0.9001391046875
6 0.7587830859375 0.7420003125 0.9195000265625 0.75042313125 0.92878148125 0.573322425 0.768064540625 0.56489960625 0.7587830859375 0.7420003125
6 0.1474960390625 0.9118032296875 0.2715445515625 0.9183043375000001 0.2801718078125 0.7536864999999999 0.1561232953125 0.7471853921875 0.1474960390625 0.9118032296875