6 0.8810283999999999 0 0.830194678125 0.0126742703125 0.8746100265625 0.1908145015625 0.934495465625 0.175883384375 0.8906428140625 0 0.8810283999999999 0
6 0.7573995890624999 0.36657872187499996 0.8029489468750001 0.5492672140625 0.9833633078125 0.5042848609374999 0.9378139515624999 0.32159636875 0.7573995890624999 0.36657872187499996
6 0.7568601187499999 0.9198628859375001 0.7642311765625001 0.9494265828125 0.9332748843750001 0.907279253125 0.9259038265624999 0.8777155546875001 0.7568601187499999 0.9198628859375001
6 0.52586945 1 0.55444823125 0.9928745093750001 0.50984388125 0.8139762359375 0.345348434375 0.85498955625 0.38150359843750004 1 0.52586945 1
6 0.32887922187499996 1 0.39358456406250003 0.983867146875 0.3576742828125 0.8398388750000001 0.20530753124999998 0.877828171875 0.23576838906250003 1 0.32887922187499996 1
6 0.12186822343749999 0.6852627 0.1564554953125 0.8239846671875 0.3088222453125 0.78599536875 0.274234975 0.647273403125 0.12186822343749999 0.6852627
1 0.060304681250000006 0.3576111171875 0.0988609828125 0.5122519984375 0.2792753453125 0.4672696453125 0.2407190421875 0.3126287640625 0.060304681250000006 0.3576111171875
6 0.0671897421875 0.5563810359375 0.1015880125 0.694344959375 0.242584109375 0.6591906843750001 0.20818584062499998 0.521226759375 0.0671897421875 0.5563810359375
6 0.358746615625 0.04326145 0.353265571875 0.0212781875 0.20014077812500003 0.059456485937500005 0.20562182031249998 0.0814397484375 0.358746615625 0.04326145
6 0.21148494218749997 0.098496746875 0.2016568640625 0.0590784828125 0.018968371875 0.104627840625 0.02879645 0.1440461046875 0.21148494218749997 0.098496746875
4 0.070788921875 0.5578991609374999 0.003323046875 0.5747202921875 0.03809931875 0.7142003031249999 0.10556519375 0.6973791703125001 0.070788921875 0.5578991609374999
4 0.1613618796875 0.556251125 0.20275320312499998 0.722262659375 0.3983284359375 0.6735002765625 0.3569371109375 0.5074887421875001 0.1613618796875 0.556251125
3 0.2590419984375 0.402264865625 0.30478035625 0.5857114015625 0.5011136328125 0.5367600171875 0.455375275 0.35331348125 0.2590419984375 0.402264865625