7 0 0.5150278562499999 0.028046209375 0.5204794875000001 0.05726383593749999 0.370167825 0.017385232812500002 0.36241620937499996 0 0.45185547656249997 0 0.5150278562499999
7 1 0.2183548828125 0.989682440625 0.21634935312499998 0.9606138828124999 0.36589411875 1 0.3735500046875 1 0.2183548828125
7 0.39991915625 0.4662205515625 0.4315218953125 0.30363854843750004 0.264338515625 0.2711413921875 0.2327357765625 0.43372339374999996 0.39991915625 0.4662205515625
7 0.6441599546875 0.9498342375 0.6732285124999999 0.800289471875 0.5351871906250001 0.77345695625 0.5061186328125 0.9230017234375 0.6441599546875 0.9498342375
1 0.227362190625 0.346724653125 0.250020759375 0.23015642500000003 0.0851380671875 0.1981064765625 0.0624795 0.3146747046875 0.227362190625 0.346724653125
1 0.4324445640625 0 0.42696745781249995 0.028177271875 0.5803467046875 0.0579911765625 0.5900362234375 0.008142921875 0.5481445234375 0 0.4324445640625 0
1 0.552767071875 0.1712152296875 0.57497843125 0.056947690625000005 0.44613986250000004 0.031904009375 0.42392850312499997 0.1461715484375 0.552767071875 0.1712152296875
1 0.6552814375 0.28664669374999996 0.6861388296875 0.12789917343749999 0.5342933750000001 0.09838340625 0.5034359828125 0.257130928125 0.6552814375 0.28664669374999996
6 0.89814135625 0.48666138437499995 0.9325764171875001 0.30950835312499997 0.7738288953125 0.27865096093749997 0.7393938343750001 0.4558039921875 0.89814135625 0.48666138437499995
5 0.7005985734375 0.0535102375 0.705070659375 0.030503350000000002 0.593103809375 0.008739199999999999 0.5886317234375 0.0317460875 0.7005985734375 0.0535102375
5 0.09738227499999999 0 0.0626628125 0.1786161546875 0.26742410781250003 0.21841771875 0.3027535859375 0.036663309375 0.1141372109375 0 0.09738227499999999 0