1 0.098362246875 0.70718003125 0.019888253124999998 0.7154279796874999 0.0385890484375 0.8933541625 0.11706304218750001 0.8851062140625 0.098362246875 0.70718003125
1 0.7074660390624999 0 0.7212454875 0.131102690625 0.9069413718750001 0.11158526718749999 0.8952132875000001 0 0.7074660390624999 0
1 1 0.4737961109375 0.9860731359375 0.341290846875 0.933239159375 0.346843921875 0.9488367671875 0.49524523593750003 1 0.4898677625 1 0.4737961109375
1 0.8818774625 0.3514567 0.9859914734374999 0.3405138765625 0.9685156203125 0.174242246875 0.864401609375 0.1851850703125 0.8818774625 0.3514567
1 0.939879659375 0.2455951484375 0.790701375 0.26127441875 0.8115254046875 0.45940182656250006 0.9607036890625 0.44372255781250003 0.939879659375 0.2455951484375
1 0.906040284375 0.6411429281250001 0.6939274109375 0.663436890625 0.7078917609375 0.7962988 0.9200046343749999 0.7740048374999999 0.906040284375 0.6411429281250001
1 0.5112715953125 0.85388541875 0.5266242140624999 0.999955821875 0.6548243015625 0.98648145 0.639471684375 0.840411046875 0.5112715953125 0.85388541875
1 0.2051152765625 0.55691689375 0.020196360937499998 0.5763526546875 0.03595729375 0.726307909375 0.2208762078125 0.7068721484375 0.2051152765625 0.55691689375
1 0.145104578125 0.1728042609375 0.027005103125000002 0.18521701562499998 0.048564098437499995 0.39033715625 0.1666635734375 0.37792440156249996 0.145104578125 0.1728042609375
1 0.47379610312500003 0 0.46793699375 0.0006158171875 0.4831262859375 0.14513228125 0.59190211875 0.1336994796875 0.5778497375 0 0.47379610312500003 0
1 0.4222520375 0.051765146875 0.22956342031250002 0.07201753749999999 0.252265696875 0.2880152609375 0.44495431406249997 0.267762871875 0.4222520375 0.051765146875