3 0.9095795984375 0.2452136953125 0.7727917703125 0.21613854375 0.742254740625 0.3598039734375 0.8790425687500001 0.38887912343750003 0.9095795984375 0.2452136953125
3 0.3524754734375 0.1156157078125 0.18206382031249999 0.0793935921875 0.1489278953125 0.235285865625 0.3193395484375 0.27150798125 0.3524754734375 0.1156157078125
3 0.48941821250000006 0.10638601249999999 0.3556870953125 0.07796058593750001 0.31881525625 0.25142895 0.45254637343750004 0.2798543765625 0.48941821250000006 0.10638601249999999
3 0.9826424312500001 0.4763936484375 0.8229292687499999 0.4424455671875 0.79352925625 0.5807617515625 0.95324241875 0.6147098328125 0.9826424312500001 0.4763936484375
3 0.870112321875 0.3670133515625 0.7035215578125 0.331603390625 0.6672994437499999 0.50201504375 0.8338902062500001 0.537425003125 0.870112321875 0.3670133515625
3 0.8382116140625 0.1150306453125 0.6800268078125 0.0814074265625 0.6464035890625001 0.23959223281250003 0.8045883953124999 0.2732154515625 0.8382116140625 0.1150306453125
3 0.7123922453125 0.218475596875 0.5404522375 0.18192862031249998 0.508453328125 0.33247165 0.6803933359375 0.3690186265625 0.7123922453125 0.218475596875
3 0.5953164859375 0.791819365625 0.46387790312500005 0.76388123125 0.4323662875 0.9121317281250001 0.5638048703125 0.9400698609375 0.5953164859375 0.791819365625
6 0.603418328125 0.4117611484375 0.41313805156249994 0.371315828125 0.37204300625000003 0.5646528140625 0.5623232828125 0.6050981359375001 0.603418328125 0.4117611484375
6 1 0.3120654 0.9666426749999999 0.4689992765625 1 0.4760895953125 1 0.3120654
6 0.381842571875 0 0.377364415625 0.0210680671875 0.5217940234375 0.0517675265625 0.53279755 0 0.381842571875 0