7 0.597139071875 0.290460275 0.5946302890624999 0.14673216875 0.3993475359375 0.15014084218749998 0.40185631875 0.2938689484375 0.597139071875 0.290460275
1 0.9227928500000001 0.23554972031250002 0.995438034375 0.23428169375 0.99235659375 0.057746085937500004 0.9197114093750001 0.059014110937499996 0.9227928500000001 0.23554972031250002
1 0.1820334515625 0.1000196125 0.1803836546875 0.005502759375 0.017127271875 0.0083524109375 0.018777070312499998 0.10286926249999999 0.1820334515625 0.1000196125
1 0.21750149375 0.386162940625 0.213506528125 0.1572915546875 0.0197860375 0.1606729578125 0.023781003125 0.3895443453125 0.21750149375 0.386162940625
1 0 0.5043634140625 0.001166928125 0.5712166843750001 0.1581742609375 0.5684761109375 0.1543429125 0.34897829687500004 0 0.3516723625 0 0.5043634140625
1 0.145233721875 0.7671697171875 0.1416750671875 0.563294521875 0.0198186296875 0.565421534375 0.023377284374999998 0.7692967281249999 0.145233721875 0.7671697171875
1 0.8946638203124999 0.638445753125 0.8917050921874999 0.4689403234375 0.7206374015625 0.47192632031250004 0.7235961296875 0.64143175 0.8946638203124999 0.638445753125
1 1 0.6319188890625 0.9273895156249999 0.633186309375 0.9309208999999999 0.8354992421875 1 0.8342934609375 1 0.6319188890625
1 0.9459928109375 0.40079499218750003 0.942843196875 0.2203537296875 0.7624019328125 0.22350334374999997 0.765551546875 0.40394460624999995 0.9459928109375 0.40079499218750003
1 0.5584702015625 0 0.5614370609375 0.16997126093749998 0.7285990984375 0.1670534359375 0.72568316875 0 0.5584702015625 0
1 0.7570681828125 0.4103436359375 0.7537140484375 0.2181854078125 0.617797253125 0.22055784374999998 0.6211513875 0.4127160734375 0.7570681828125 0.4103436359375