7 0.2152107375 0.9098419124999999 0.21240241875 0.99026164375 0.4294576140625 0.997841378125 0.4322659328125 0.917421646875 0.2152107375 0.9098419124999999
1 0.1251243546875 0.3555790515625 0.11967130781249999 0.51173386875 0.3031532171875 0.518141196875 0.30860626406249997 0.36198638125000004 0.1251243546875 0.3555790515625
1 0.1777981296875 0.1455706578125 0.17299944843749998 0.282986896875 0.386931546875 0.29045757031249997 0.391730228125 0.15304133125 0.1777981296875 0.1455706578125
1 0.40296343749999997 0.3238499171875 0.396228925 0.516701115625 0.5094411671875 0.5206545734375 0.5161756796875 0.327803375 0.40296343749999997 0.3238499171875
1 0.36260362968750004 0.2036181375 0.357968540625 0.33634973281249997 0.602350828125 0.34488375 0.6069859171875 0.21215215625 0.36260362968750004 0.2036181375
1 0.5080283171875 0.673041846875 0.5036658796875 0.7979657 0.7433635234375 0.8063361265625 0.7477259609375 0.6814122734375 0.5080283171875 0.673041846875
1 0.5647397671875 0.7727380296875 0.5584414984375 0.95309684375 0.6927346421875 0.9577864625 0.699032909375 0.77742765 0.5647397671875 0.7727380296875
1 0.8022656328125001 1 0.8055403921875 0.906223165625 0.636893190625 0.9003338765625 0.6334127734375 1 0.8022656328125001 1
1 0.9685883375 0.8485971031249999 0.9881076906249999 0.8492787343750001 0.9943786937500001 0.6697006953125 0.974859340625 0.6690190640625 0.9685883375 0.8485971031249999
1 1 0.0327901375 0.937741675 0.030616028125 0.9320977718749999 0.1922362640625 1 0.1946074609375 1 0.0327901375
7 0.3874247421875 0.701662778125 0.38218981875 0.8515714015625001 0.5102367671875 0.8560428999999999 0.5154716921875 0.7061342749999999 0.3874247421875 0.701662778125