6 0.8635929140625 0.09447342343750001 0.8664557640625 0.0124921453125 0.7282587515625 0.007666198437500001 0.7253959015625 0.089647478125 0.8635929140625 0.09447342343750001
1 1 0.47446544375000005 0.9028174671875 0.4710717546875 0.8966009937500001 0.6490882453125 0.994978528125 0.6525236640625 1 0.5087275375 1 0.47446544375000005
1 0.9784806749999999 0.453389090625 0.9849698 0.267564859375 0.8374034984375 0.26241172968750004 0.8309143734375001 0.4482359625 0.9784806749999999 0.453389090625
1 1 0.08672924531250001 0.8843292843749999 0.082689934375 0.8793397468749999 0.22557159218749998 1 0.229785140625 1 0.08672924531250001
1 0.644718378125 0.18376420625 0.6507439953125 0.011213134375 0.47272750312499995 0.0049966609374999995 0.4667018875 0.1775477328125 0.644718378125 0.18376420625
1 0.404242415625 0.3543819015625 0.41024076562499995 0.182611603125 0.2525244015625 0.1771040265625 0.24652605 0.34887432500000004 0.404242415625 0.3543819015625
1 0.32496032812500003 0.7667099265624999 0.3318311671875 0.5699548562500001 0.20690731406250001 0.5655924203125 0.20003647500000002 0.7623474890625 0.32496032812500003 0.7667099265624999
1 0.55621815625 0.9272222375 0.5632253203124999 0.7265632984375 0.41643979218749994 0.7214374343750001 0.409432628125 0.9220963734375 0.55621815625 0.9272222375
1 0.276748134375 0.8713410828124999 0.2725220234375 0.992361065625 0.438826903125 0.9981685609375001 0.4430530140625 0.877148578125 0.276748134375 0.8713410828124999
1 0.2004553375 0.9742099171874999 0.2058538546875 0.8196166500000001 0.0965454828125 0.8157995171874999 0.09114696562499999 0.9703927859375 0.2004553375 0.9742099171874999
1 0 0.9234331953125 0.052854340624999996 0.925278909375 0.0589344875 0.7511662890624999 0 0.7491082515625 0 0.9234331953125
1 0 0.8233722406249999 0.1906374328125 0.830029446875 0.1953815828125 0.69417475625 0 0.68735188125 0 0.8233722406249999
1 0 0.9828443874999999 0.124955721875 0.9872079375 0.1267279609375 0.936457621875 0 0.9320321843749999 0 0.9828443874999999
1 0.79288491875 1 0.7957075953125 0.9191691421874999 0.6356489078124999 0.9135797703125 0.632631046875 1 0.79288491875 1