6 0.47031893281250003 0.5289550453125 0.4796003875 0.3518543390625 0.3727158203125 0.34625275625 0.363434365625 0.5233534625 0.47031893281250003 0.5289550453125
6 0.50510869375 0.208461575 0.5132453 0.0532058890625 0.3930976828125 0.0469092203125 0.384961078125 0.20216490468749998 0.50510869375 0.208461575
5 0.0444923796875 0.264900878125 0.011724848437500001 0.2631836046875 0.00183008125 0.4519870015625 0.0345976125 0.45370427500000005 0.0444923796875 0.264900878125
6 0.1662246546875 0.1961776703125 0.0156500453125 0.1882863890625 0.0077587640624999996 0.3388609984375 0.1583333734375 0.3467522796875 0.1662246546875 0.1961776703125
6 0.1655533796875 0 0.1604948515625 0.096522471875 0.2900046203125 0.10330979062500001 0.2954188578125 0 0.1655533796875 0
6 0.066980790625 0 0.060965632812500004 0.11477603125 0.18111325 0.1210727 0.1874584015625 0 0.066980790625 0
6 0.395068078125 0.412356925 0.40238693437500006 0.2727048265625 0.24166999374999998 0.264282009375 0.23435113749999997 0.4039341078125 0.395068078125 0.412356925
6 0.888023228125 0.8285703609375 0.98320510625 0.8335586312500001 0.9939176218749999 0.6291516484375 0.89873574375 0.624163378125 0.888023228125 0.8285703609375
6 1 0.0255177171875 0.9529260687500001 0.0230506765625 0.9490417593749999 0.0971677125 1 0.09983832031249999 1 0.0255177171875
6 0.8055007 1 0.807490178125 0.9620385 0.626488575 0.9525526078125001 0.6240019625000001 1 0.8055007 1
6 0.46999075625 0.71434819375 0.4795584234375 0.5317862328125 0.373454034375 0.5262255375 0.3638863671875 0.7087874984375 0.46999075625 0.71434819375