1 1 0.0337424578125 0.9463734078125 0.0299925203125 0.9363459140625 0.173392353125 1 0.1778434796875 1 0.0337424578125
1 0.940983521875 0.07347245625 0.8155086671875 0.0646984 0.7989415046875 0.3016198609375 0.9244163593750001 0.3103939171875 0.940983521875 0.07347245625
1 0.810407653125 0.11524695468749999 0.69272626875 0.10701787031250001 0.6808458703125 0.276915496875 0.798527253125 0.28514458125000003 0.810407653125 0.11524695468749999
1 0.6838264703125 0.11109448125000002 0.6907476203125 0.0121174234375 0.5224086859375 0.00034601875 0.5154875359375 0.0993230765625 0.6838264703125 0.11109448125000002
1 0.44894919843750003 0.23328918125000003 0.2470983484375 0.2191743953125 0.237343340625 0.35867749375 0.43919419218750005 0.3727922796875 0.44894919843750003 0.23328918125000003
1 0.0353087734375 0 0.032477667187499996 0.0404866890625 0.20471333593750002 0.05253058125 0.20838663125 0 0.0353087734375 0
1 0.06811534062499999 0.124427121875 0.025251259375 0.12142977343750001 0.014188318750000001 0.279637196875 0.0570524 0.2826345453125 0.06811534062499999 0.124427121875
1 0.0314664875 0.81652529375 0.020894021875 0.9677185953125 0.17676340468750001 0.97861804375 0.1873358703125 0.82742474375 0.0314664875 0.81652529375
1 0.3877095921875 0.7842657234375 0.188976128125 0.7703689265625 0.179330115625 0.9083133296874999 0.3780635796875 0.9222101281249999 0.3877095921875 0.7842657234375
1 0.8480007265625 1 0.85706735625 0.8703411421875 0.6583338921874999 0.8564443453124999 0.6482955031250001 1 0.8480007265625 1
1 1 0.150432959375 0.9881315203125001 0.149603034375 0.9775590546874999 0.3007963359375 1 0.302365559375 1 0.150432959375
6 0 0.8245059937500001 0.12194161249999999 0.83303298125 0.1356204203125 0.63741690625 0 0.627933403125 0 0.8245059937500001
6 0.504354075 0.359336075 0.3243249390625 0.3467472109375 0.315877865625 0.4675459828125 0.49590700312499997 0.48013484687499997 0.504354075 0.359336075