6 0.6049029078125 0.1615112953125 0.57939833125 0.3061549328125 0.744045878125 0.3351867375 0.7695504546875 0.19054310000000002 0.6049029078125 0.1615112953125
6 0.5113919046875 0.40839905937500004 0.48765094375 0.54304074375 0.6684554921875 0.5749214640625 0.692196453125 0.44027977968750004 0.5113919046875 0.40839905937500004
6 0.34169715156249997 0.5339644953125 0.3083241421875 0.7232322359375 0.47374106875 0.752399703125 0.507114078125 0.5631319625 0.34169715156249997 0.5339644953125
6 0.29656984375 0.8123893703125 0.2731002078125 0.9454922937499999 0.43620899218750003 0.9742527734375 0.459678628125 0.8411498500000001 0.29656984375 0.8123893703125
6 0.591916071875 1 0.61929914375 0.844702890625 0.4238763546875 0.8102445796875 0.39294527343749996 0.9856634609375 0.47425182499999996 1 0.591916071875 1
6 0.09649744375 0.862787828125 0.08388081875 0.9343402671875 0.25160588906250003 0.963914721875 0.26422251406249997 0.892362284375 0.09649744375 0.862787828125
6 0 0.883057921875 0.10858644531249999 0.9022046421875001 0.134904996875 0.7529447171875 0 0.729157325 0 0.883057921875
6 0 0.6418941015625 0.1313627421875 0.665056896875 0.162836475 0.48656049218749997 0.010499024999999999 0.45969928906249996 0 0.5192422203125 0 0.6418941015625
6 0.062210909375 0.3418891625 0.0214337125 0.33469904375000004 0.0018982921875 0.44548991562499995 0.0426754890625 0.45268003593749995 0.062210909375 0.3418891625
6 0.20052814843750003 0.11083496718750001 0.0651170828125 0.08695834375 0.04029081875 0.2277550765625 0.1757018859375 0.2516317015625 0.20052814843750003 0.11083496718750001
6 0.254976634375 0 0.235059228125 0.11295721875 0.3781641046875 0.13819046875000002 0.40253081249999995 0 0.254976634375 0
6 0.7961553578125 0.1476361390625 0.8137915 0.0476166015625 0.64452766875 0.017770821875000002 0.626891525 0.117790359375 0.7961553578125 0.1476361390625
6 1 0.080450184375 0.8237934546875 0.049380215625 0.8087349015624999 0.1347815140625 0.9933863546874999 0.167340546875 1 0.12983270156249999 1 0.080450184375
1 0.4809701484375 0.6664111609375001 0.444748225 0.8718359031249999 0.6047794843750001 0.9000537312500001 0.641001409375 0.6946289890624999 0.4809701484375 0.6664111609375001