3 0 0.5130929703125 0.0037926796875000003 0.58546160625 0.16372944218750002 0.5770796765624999 0.15575638593750002 0.4249447078125 0 0.43310755468749995 0 0.5130929703125
3 0.4591091328125 0.287004409375 0.4659373390625 0.41729435625000005 0.635236253125 0.40842177656249995 0.6284080453125 0.2781318296875 0.4591091328125 0.287004409375
6 0.709968840625 0.2222241484375 0.7182689953125 0.38060055 0.9133138265625 0.370378684375 0.905013671875 0.21200228124999998 0.709968840625 0.2222241484375
6 0.3892975140625 1 0.388287309375 0.98072415625 0.2579973625 0.9875523625 0.258649715625 1 0.3892975140625 1
6 0.30006526093749997 0.342278875 0.3074658921875 0.4834913328125 0.45101888749999997 0.4759680390625 0.44361825625 0.33475558125 0.30006526093749997 0.342278875
6 0.7353169140625 0.34763189843750003 0.74333085625 0.500547046875 0.9188712046875 0.4913473671875 0.9108572609375001 0.33843221875 0.7353169140625 0.34763189843750003
6 0.361404340625 0.5573321078125 0.3703995828125 0.7289715593749999 0.5428192125 0.7199354296875 0.5338239703125 0.548295978125 0.361404340625 0.5573321078125
6 0.7970814546875 0.496165453125 0.8048091859375001 0.6436193453125 0.9655261265625 0.6351965265625 0.9577983953125001 0.487742634375 0.7970814546875 0.496165453125
3 0.54793678125 0.78772925625 0.5556236250000001 0.9344029687500001 0.7296036140625 0.9252850640625001 0.7219167703125 0.77861135 0.54793678125 0.78772925625
6 0 0.49099939218750005 0.058138924999999994 0.4879524609375 0.050043207812500004 0.3334769546875 0 0.336099609375 0 0.49099939218750005
6 0.16151488281249998 0.56467858125 0.0031384812499999997 0.5729787375 0.0123381609375 0.7485190859374999 0.1707145625 0.7402189296875 0.16151488281249998 0.56467858125