1 0 0.22229055312499998 0.13371327500000002 0.1864621890625 0.1072247640625 0.0876057171875 0 0.11633650625 0 0.22229055312499998
1 0.3303872140625 0.274496421875 0.4745214578125 0.23587576718749997 0.43509199374999996 0.0887230046875 0.29095775 0.127343659375 0.3303872140625 0.274496421875
1 0.288879740625 0.409366171875 0.45037046406250003 0.3660948625 0.39294498906249997 0.15178006875 0.231454265625 0.195051378125 0.288879740625 0.409366171875
1 1 0.491390878125 0.8399848546875001 0.5342668078125 0.8834583671875 0.6965121609375 1 0.665284925 1 0.491390878125
1 0.7344567484375 0.704893453125 0.8650076609375 0.6699124421875 0.815265875 0.48427357187500003 0.6847149625 0.5192545843749999 0.7344567484375 0.704893453125
1 0.5888383890625 0.722882728125 0.763157815625 0.676173978125 0.7225151375000001 0.5244934375 0.5481957109375 0.5712021875 0.5888383890625 0.722882728125
1 0.43400193593749997 0.73363626875 0.5811546984375 0.6942068046875 0.5467802953125 0.5659197812500001 0.39962753125 0.6053492453125 0.43400193593749997 0.73363626875
1 0.2956561265625 0.8572485343749999 0.4511098140625 0.8155948453124999 0.4025812421875 0.6344837531249999 0.24712755468749997 0.6761374421874999 0.2956561265625 0.8572485343749999
1 0.28132983437500003 0.9969672515625 0.4043344515625 0.9640082640625 0.3687468328125 0.8311934624999999 0.24574221562499998 0.8641524515624999 0.28132983437500003 0.9969672515625
1 0.26273102812500004 1 0.21347694062499997 0.8161812390625001 0.0806621390625 0.8517688578125 0.120380553125 1 0.26273102812500004 1
3 0.56582625 1 0.642238225 0.9795254734375 0.6208047734375 0.8995347406249999 0.44799460468749996 0.945839084375 0.46250697812499997 1 0.56582625 1