6 0.085123990625 0.5017721046875 0.2827501359375 0.498322528125 0.2804595078125 0.3670925171875 0.0828333609375 0.3705420953125 0.085123990625 0.5017721046875
6 0.587143221875 0.9712071578125 0.5876204359375 0.9985467437500001 0.733691934375 0.99599705625 0.7332147203125 0.9686574703125 0.587143221875 0.9712071578125
6 0.6717393390625 0.8040802984375001 0.6751071093750001 0.9970196578125 0.8703898609375 0.993610984375 0.8670220921875 0.800671625 0.6717393390625 0.8040802984375001
6 0.6024425625000001 0.9076492171874999 0.7071141171875001 0.90582216875 0.7042235625 0.74022239375 0.5995520078125 0.74204944375 0.6024425625000001 0.9076492171874999
6 0 0.504363409375 0.0023395109375 0.6383939515625 0.0663922546875 0.63727590625 0.0640061828125 0.5005779796875001 0 0.5016952109374999 0 0.504363409375
6 0 0.200086775 0.059524323437500005 0.1990477734375 0.0561838234375 0.007670676562500001 0 0.008651368750000001 0 0.200086775
6 0.1404874796875 0.0476117078125 0.13976484218750002 0.0062117640625 0.021814059375 0.008270603125000001 0.022536696875 0.049670546875 0.1404874796875 0.0476117078125
6 0.200176715625 0.10986071718749998 0.3993651234375 0.10638387187500001 0.397647153125 0.0079613640625 0.19845874531250002 0.0114382109375 0.200176715625 0.10986071718749998
6 0.24712815937500002 0.24812486093750002 0.39632418281250004 0.245520634375 0.3939517453125 0.1096038375 0.244755721875 0.11220806406249999 0.24712815937500002 0.24812486093750002
6 0.3964468953125 0.2525508125 0.571420240625 0.2494966421875 0.5694704796875001 0.13779490781249998 0.3944971328125 0.140849078125 0.3964468953125 0.2525508125
6 0.604401040625 0.303616790625 0.7559404578125 0.300971659375 0.7530362687500001 0.13459075468749998 0.6014968515625 0.137235884375 0.604401040625 0.303616790625
6 0.8276387140624999 0.46927723749999994 0.9994875375 0.4662776046875 0.997360525 0.34442116718750004 0.825511703125 0.3474207984375 0.8276387140624999 0.46927723749999994