6 0.212252446875 0.7556964359375 0.046602859375 0.787895453125 0.0732863046875 0.9251698796875001 0.2389358921875 0.8929708609375 0.212252446875 0.7556964359375
6 0.067093271875 0.48386861875 0.094223925 0.623443734375 0.23149835156249998 0.5967602890625 0.20436769843749997 0.4571851734375 0.067093271875 0.48386861875
6 0.23603154218750003 0.6651200265625 0.2688268390625 0.8338371984374999 0.3861619625 0.8110295609374999 0.3533666671875 0.6423123890625 0.23603154218750003 0.6651200265625
6 0.31034106562499997 0.21215001562500002 0.33940962343750003 0.3616947828125 0.506593003125 0.329197625 0.47752444531249993 0.179652859375 0.31034106562499997 0.21215001562500002
6 0.387591553125 0.7733456734375 0.4130824421875 0.9044849296875 0.6094078796875 0.8663231296875 0.583916990625 0.7351838734375 0.387591553125 0.7733456734375
6 0.5809804671875 0.6832270968749999 0.6024464796875 0.7936601546875 0.7611939999999999 0.7628027625 0.7397279890624999 0.6523697046875 0.5809804671875 0.6832270968749999
6 0.6315002703125 0.4927440015625 0.6577365078125 0.627717740625 0.8801364156249999 0.5844875765624999 0.8539001796875001 0.4495138390625 0.6315002703125 0.4927440015625
6 0.5884982890625 0.3697837921875 0.6142873171875001 0.5024568406250001 0.78990655625 0.46831991874999995 0.7641175265625 0.3356468703125 0.5884982890625 0.3697837921875
6 0.48605388125 0.38730935 0.5127373265624999 0.5245837765625 0.642342790625 0.4993910265625 0.6156593453125 0.3621166 0.48605388125 0.38730935
6 0.4164425546875 0.6515402328125 0.4404427484375 0.7750105281249999 0.5853861375 0.7468363859375 0.5613859421875 0.6233660921874999 0.4164425546875 0.6515402328125
6 0.9306184343749999 0.31601633125 0.97203083125 0.30796657656250004 0.942216925 0.1545873296875 0.9008045296875 0.1626370828125 0.9306184343749999 0.31601633125
5 0.43153930156250003 0.070006475 0.4565829828125 0.19884504218750002 0.5731512109375 0.176186475 0.5481075296875 0.04734790625 0.43153930156250003 0.070006475
3 0.7512078125 0.3429314984375 0.7750589359375 0.465634896875 0.9207692218749999 0.4373116859375 0.8969180968750001 0.3146082890625 0.7512078125 0.3429314984375
6 0 0.548144528125 0.03512450625 0.7288444421875 0.10951344062499999 0.7143846984375 0.0731404765625 0.5272620171875 0 0.5414790843749999 0 0.548144528125
6 0.6307714609375 0.9107186875 0.64448585625 0.9812731421875001 0.784060971875 0.9541424875000001 0.770346575 0.883588034375 0.6307714609375 0.9107186875