1 0.67280146875 0.8817018375 0.6767276609375 0.99413330625 0.793063 0.9900707859375 0.7891368062499999 0.87763931875 0.67280146875 0.8817018375
1 0.508727521875 1 0.67048146875 0.994351428125 0.6683275156249999 0.9326702750000001 0.470791671875 0.9395683796875 0.47290199062499993 1 0.508727521875 1
1 0.798357003125 0 0.801200278125 0.081420775 0.955793546875 0.076022259375 0.9531387921875 0 0.798357003125 0
1 0.8519035265625 0.2797720875 0.9924428624999999 0.27486434531250004 0.9868534890625 0.1148056578125 0.8463141546875 0.1197134 0.8519035265625 0.2797720875
1 0.942194625 0 0.948407190625 0.177904603125 0.9890074421874999 0.17648681093750002 0.9828443874999999 0 0.942194625 0
1 0.6909426 0.19236754843749998 0.84007045 0.1871598890625 0.8351354421874999 0.0458397796875 0.6860075921875 0.0510474390625 0.6909426 0.19236754843749998
1 0.8130061234375001 0.41949595312500004 0.9558877812500001 0.414506415625 0.9493441265625 0.22712063593749998 0.80646246875 0.2321101734375 0.8130061234375001 0.41949595312500004
1 0.707130684375 0.454462253125 0.8195621515625 0.45053605937499996 0.812527721875 0.2490963453125 0.7000962546875 0.2530225390625 0.707130684375 0.454462253125
1 0.2566859984375 0.4271971859375 0.37848675468750004 0.4229438109375 0.3723248125 0.2464888671875 0.25052405625 0.25074224375 0.2566859984375 0.4271971859375
1 0.16749183750000002 0.313052984375 0.3369198140625 0.3071364296875 0.329885384375 0.105696715625 0.1604574078125 0.11161327031249998 0.16749183750000002 0.313052984375
1 0 0.153175971875 0.0399108515625 0.1517822546875 0.0351667015625 0.0159275640625 0 0.0171556125 0 0.153175971875