6 1 0.008651368750000001 0.8852313515624999 0.006648075000000001 0.8830770687499999 0.1300667734375 1 0.132107671875 1 0.008651368750000001
6 0 0.5022116343749999 0.0600323546875 0.5032595015625 0.06259567656250001 0.35640687187500003 0.0024485890625 0.35535700000000003 0 0.4956365921875 0 0.5022116343749999
6 0 0.6881774578125001 0.07631557343749999 0.68950955 0.07852439375 0.5629663265625 0 0.561595678125 0 0.6881774578125001
6 0.2027048625 0.655772709375 0.2053499921875 0.50423329375 0.025689859375000002 0.5010973140625 0.0230447296875 0.6526367296875 0.2027048625 0.655772709375
6 0.29525613906250003 0.5909718328125 0.2978330953125 0.44333807187499996 0.1377012390625 0.440542959375 0.13512428125 0.5881767203125 0.29525613906250003 0.5909718328125
6 0.8954115500000001 0.13965850156249998 0.8971295203125 0.04123599375 0.71981278125 0.03814091875 0.7180948093749999 0.1365634265625 0.8954115500000001 0.13965850156249998
6 1 0.20946320312500002 0.8184556234375 0.20629433437500003 0.815974109375 0.34846017812499996 1 0.3516723625 1 0.20946320312500002
6 0.69491203125 0.032236690624999995 0.6954165156250001 0.00333484375 0.5141941203125 0.0001715953125 0.5136896359375 0.0290734421875 0.69491203125 0.032236690624999995
6 0.7128648156249999 0.34666039843749996 0.7157417359375 0.1818417546875 0.5517042234375 0.1789784703125 0.548827303125 0.3437971140625 0.7128648156249999 0.34666039843749996
6 0.5646918000000001 0.598800325 0.56751418125 0.43710620625 0.3566088078125 0.43342483906249996 0.35378642656250003 0.5951189578125 0.5646918000000001 0.598800325
6 0.030771646875000003 0.16519734375 0.005775453125 0.164761034375 0.0032257656250000003 0.3108325328125 0.028221959375 0.31126884375 0.030771646875000003 0.16519734375
6 0.9012057359375 0.8820601953124999 0.9933791953125001 0.8836690890625001 0.9959425171875 0.7368164593750001 0.9037690578124999 0.735207565625 0.9012057359375 0.8820601953124999
6 0.743266884375 0.57456945 0.74583020625 0.4277168203125 0.5146154265625 0.42368094999999995 0.5120521046875 0.5705335812500001 0.743266884375 0.57456945