6 0.637644503125 0.58516649375 0.6067826109375 0.730360278125 0.703069015625 0.750826584375 0.7339309078125 0.6056328 0.637644503125 0.58516649375
6 0.5993534890625 0.329429375 0.572877234375 0.4539903578125 0.750930665625 0.4918367828125 0.7774069203125 0.3672758 0.5993534890625 0.329429375
6 0.4616904875 0.2330770984375 0.4207578734375 0.42564990781249995 0.53156365625 0.449202403125 0.5724962703124999 0.2566295953125 0.4616904875 0.2330770984375
6 0.519915390625 0.1695763421875 0.49360156718750003 0.2933731484375 0.6525505515625001 0.3271587984375 0.6788643750000001 0.2033619921875 0.519915390625 0.1695763421875
6 0.67165785 0.10199225 0.6346235796874999 0.276224790625 0.7370234078125 0.29799054687500004 0.7740576765625 0.1237580046875 0.67165785 0.10199225
6 0.300792584375 0 0.42342549375000005 0.026066429687499997 0.428966084375 0 0.300792584375 0
5 0.40600552343749996 0 0.549477834375 0.030495981249999998 0.5558126437500001 0.000693046875 0.5525521140625 0 0.40600552343749996 0
6 0.1676174015625 0.846273171875 0.14845054375 0.9364461531250001 0.32803232968749996 0.9746174406250001 0.3471991875 0.8844444593749999 0.1676174015625 0.846273171875
5 0.2848712375 0.5125783328125 0.26294305156250003 0.6157423375 0.45628003906250003 0.65683738125 0.47820822500000004 0.5536733765624999 0.2848712375 0.5125783328125
5 0.737647715625 0.41153915625000004 0.6962278093750001 0.6064044984375 0.7925142140625 0.62687080625 0.8339341203125 0.4320054640625 0.737647715625 0.41153915625000004
6 0.0698973859375 0.48685181875000005 0.0387106328125 0.6335739593749999 0.13270450312499998 0.6535529734375001 0.1638912578125 0.5068308328125 0.0698973859375 0.48685181875000005
6 1 0.5048429249999999 0.9279355125000001 0.48952514531249997 0.9019465515625 0.6117935953125 0.9837135765625 0.6291737125 1 0.5525521171875 1 0.5048429249999999
6 0.5769467406250001 0.8030901234375 0.547871590625 0.9398779515625 0.6861877749999999 0.9692779640625 0.715262925 0.8324901359375 0.5769467406250001 0.8030901234375
6 0.52741159375 0.7430414796875 0.5032093734374999 0.856903975 0.6193644015624999 0.8815934875 0.643566621875 0.76773099375 0.52741159375 0.7430414796875
6 0.3429054421875 0.7956744 0.319028084375 0.9080085390624999 0.48943973593749995 0.9442306531250001 0.5133170953125 0.831896515625 0.3429054421875 0.7956744
6 0.5255078109375 1 0.5425998015625 0.9195885125000001 0.38441499375 0.88596529375 0.36394868593749996 0.9822516984374999 0.4474478796875 1 0.5255078109375 1
6 0.5902368703125 1 0.47481342499999996 0.9754659890624999 0.46959856093749996 1 0.5902368703125 1
6 0.20838412812499998 0.7183600921875 0.178659253125 0.8582046328124999 0.3421933046875 0.89296486875 0.3719181796875 0.753120328125 0.20838412812499998 0.7183600921875
6 0.18719349375 0.6076283078125 0.159580221875 0.7375385359375 0.32005756406249997 0.771649046875 0.347670834375 0.64173881875 0.18719349375 0.6076283078125
6 0.135499371875 0.7268290671875001 0.109835271875 0.8475691624999999 0.19389483125 0.8654365734375 0.21955893125 0.7446964781250001 0.135499371875 0.7268290671875001
6 0.11105259687499999 0.5938401703125 0.090423859375 0.6908907531249999 0.2203340875 0.718504025 0.240962825 0.6214534421875 0.11105259687499999 0.5938401703125
6 0 0.8362035078125001 0.0676615609375 0.8505854171875 0.09641185 0.71532594375 0 0.6948329734375001 0 0.8362035078125001
6 0 0.9048920171875 0.1262893859375 0.9317356546875001 0.14269491875 0.8545536953124999 0 0.8242229546875001 0 0.9048920171875