6 0.40125535625 0.6459929734375 0.41249940937499996 0.8605422875000001 0.6481135640625 0.8481942734375 0.6368695109375 0.633644959375 0.40125535625 0.6459929734375
1 0.604409259375 0.17846999531250002 0.6133227265625 0.3485490890625 0.8083675578125 0.33832722187500003 0.7994540906250001 0.1682481296875 0.604409259375 0.17846999531250002
1 0.46581252187500005 0.056650389062499994 0.4629095109375 0.0012576578125 0.31701597812500004 0.0089036125 0.31991898750000003 0.0642963453125 0.46581252187500005 0.056650389062499994
1 0.5680391515625 0.4995635078125 0.5775250437499999 0.6805651109374999 0.74448341875 0.67181519375 0.7349975265625 0.490813590625 0.5680391515625 0.4995635078125
1 0.5105876140625 0.8960824546874999 0.516025646875 0.9998463046875001 0.6946867125 0.990483075 0.6892486796874999 0.886719225 0.5105876140625 0.8960824546874999
6 0.74556648125 0.0505946484375 0.7536622000000001 0.2050701546875 0.9370043406249999 0.19546159999999999 0.9289086234375 0.04098609375 0.74556648125 0.0505946484375
6 0.7413502828125 0 0.7435972484375 0.04287463125 0.860624146875 0.0367415109375 0.8586986062499999 0 0.7413502828125 0
6 0.4332527453125 0.0474042640625 0.4434746109375 0.24244909531249997 0.64320051875 0.23198190468750002 0.6329786515625 0.0369370734375 0.4332527453125 0.0474042640625
6 0 0.08653884375000001 0.1743116671875 0.07740355625 0.17112244375000002 0.01654956875 0 0.0255177171875 0 0.08653884375000001
1 1 0.6732882578125 0.9520078015625 0.675803421875 0.9609621562499999 0.8466626937499999 1 0.8446168078125 1 0.6732882578125
6 0.1440150484375 0.23076183125 0.15223342812500001 0.38757787499999996 0.3004675 0.37980925625 0.2922491203125 0.22299321249999998 0.1440150484375 0.23076183125
3 0.3560702265625 0.1719268390625 0.36502458125000004 0.3427861109375 0.521060446875 0.33460861875000003 0.5121060921875 0.163749346875 0.3560702265625 0.1719268390625