6 0.6917801531250001 0.9338781859375 0.6989354890625 0.97068920625 0.8776223125 0.93595600625 0.870466975 0.8991449859375 0.6917801531250001 0.9338781859375
6 0 0.535907978125 0.16105695312499999 0.504601678125 0.1217025984375 0.302141071875 0 0.3257976609375 0 0.535907978125
3 0.49770610312499997 1 0.4897038796875 0.95883213125 0.30411499062499997 0.99490695625 0.30510497812500004 1 0.49770610312499997 1
3 0.8103739484375 0.5367658515625 0.6777008999999999 0.5625548796875 0.704235275 0.699062409375 0.8369083249999999 0.67327338125 0.8103739484375 0.5367658515625
3 0.3246732875 0.2817885046875 0.1574899078125 0.3142856609375 0.18476963125 0.454627671875 0.35195301093750003 0.422130515625 0.3246732875 0.2817885046875
6 0.0323621421875 0.6163675093750001 0.0139566328125 0.6199451765624999 0.0491370421875 0.8009326890624999 0.0675425515625 0.7973550203124999 0.0323621421875 0.6163675093750001
6 0.38936592187499997 0.6719249734375 0.231385296875 0.7026332953125001 0.2614973421875 0.8575463359375 0.41947796562499995 0.8268380125 0.38936592187499997 0.6719249734375
6 0.618748478125 0.357536771875 0.4408285515625 0.3921209015625 0.47869221093750003 0.5869125453125 0.6566121390624999 0.552328415625 0.618748478125 0.357536771875
6 0.265137584375 0.55281548125 0.09565351562499999 0.585759846875 0.1318774109375 0.7721156312499999 0.3013614796875 0.739171265625 0.265137584375 0.55281548125
6 0.39014167187500004 0.528517146875 0.253634140625 0.5550515234375 0.2753982921875 0.6670183734374999 0.411905821875 0.6404839984375 0.39014167187500004 0.528517146875
6 0.3082201484375 0.405959278125 0.130300221875 0.4405434078125 0.15936877968750002 0.590088175 0.33728870624999996 0.55550404375 0.3082201484375 0.405959278125
6 0.45613754375 0.167892603125 0.34493759062499996 0.189507684375 0.3705775484375 0.3214138375 0.481777503125 0.29979875625 0.45613754375 0.167892603125
6 0.637630128125 0.5775067 0.5133929375 0.6016559625 0.533070115625 0.7028862671875 0.65730730625 0.678737003125 0.637630128125 0.5775067