1 1 0.485034225 0.8569331890624999 0.45980768593750004 0.8192189750000001 0.6736956203125 0.97232580625 0.7006924859375 1 0.5437443359375 1 0.485034225
1 0.4008315203125 0.4190497578125 0.5639403046875 0.4478102375 0.5903945187499999 0.29778093125 0.427285734375 0.2690204515625 0.4008315203125 0.4190497578125
1 0.4124450046875 0.6186297374999999 0.5378541171875 0.640742746875 0.5742117046875 0.43454862343749995 0.44880259218749996 0.4124356140625 0.4124450046875 0.6186297374999999
1 0.198092340625 0.4935703546875 0.33350340625 0.517446978125 0.36972533125 0.3120222359375 0.234314265625 0.28814561250000004 0.198092340625 0.4935703546875
1 0.043638275 0.5416996296875001 0.16981676875 0.5639483015625 0.2053603796875 0.362370465625 0.0791818859375 0.3401217921875 0.043638275 0.5416996296875001
1 0.021397115624999997 0.7218239859375 0.18527528124999998 0.750720128125 0.2183769640625 0.56299115 0.0544988 0.5340950078125 0.021397115624999997 0.7218239859375
1 0.1532382375 0.7839429328125 0.33250402343749996 0.815552328125 0.35814426250000003 0.6701393078125 0.178878475 0.6385299125 0.1532382375 0.7839429328125
1 0.2983020109375 0.9015446265625 0.430635553125 0.9248786015625001 0.4709273578125 0.6963724265625 0.338593815625 0.673038453125 0.2983020109375 0.9015446265625
1 0.2763957875 0 0.273875646875 0.014292428125000001 0.46237400624999997 0.047529775 0.47075478750000005 0 0.2763957875 0
1 0.7954193015625 0.0618297328125 0.7984038796874999 0.044903348437500004 0.6706866234375 0.0223833515625 0.6677020453125 0.039309734375 0.7954193015625 0.0618297328125
1 0.18023322343749998 0.6173496359375 0.32410748125 0.64271855 0.351240009375 0.4888423390625 0.20736575156249998 0.463473425 0.18023322343749998 0.6173496359375