6 0.804883096875 0.2649986828125 0.9723752593749999 0.24443323125 0.95533259375 0.10563185625 0.7878404296875 0.1261973078125 0.804883096875 0.2649986828125
6 0.930726921875 0.5462901328124999 0.9133986234375 0.40516247656250004 0.7745972484375 0.42220514218750005 0.7919255453125 0.5633327984375 0.930726921875 0.5462901328124999
6 0.774843634375 0.35369570625 0.753897340625 0.1831018375 0.635257059375 0.19766903125 0.656203353125 0.36826290156249997 0.774843634375 0.35369570625
6 0.6691175359375 0.800378734375 0.650551503125 0.64917053125 0.4815084859375 0.6699264046875 0.50007451875 0.8211346078125 0.6691175359375 0.800378734375
6 0.63120225625 0.23516140000000002 0.6149212734375 0.10256343750000001 0.41641204218750005 0.12693730625 0.432693025 0.25953526875 0.63120225625 0.23516140000000002
6 0.4319980734375 0.3115703234375 0.41828777187500005 0.19990888125 0.2577744484375 0.2196174390625 0.27148475 0.33127888125 0.4319980734375 0.3115703234375
6 0.3683139046875 0.4980653265625 0.3515568703125 0.36159023125 0.12668313281250002 0.3892012546875 0.1434401671875 0.52567635 0.3683139046875 0.4980653265625
6 0.40263386562500003 0.6237256796875 0.3861624609375 0.48957686406249995 0.2085897515625 0.5113800515625 0.22506115468750001 0.6455288671875 0.40263386562500003 0.6237256796875
6 0.5060512453125 0.6133889734375 0.489008578125 0.474587596875 0.3579614703125 0.490678159375 0.3750041359375 0.6294795343749999 0.5060512453125 0.6133889734375
6 0.5939248171875 0.354657584375 0.5785959375 0.22981388906250003 0.4320402953125 0.2478086578125 0.44736917343749993 0.3726523546875 0.5939248171875 0.354657584375
6 0.057596478124999996 0.6534970703125 0.0157234375 0.6586384328125 0.034765521875 0.8137237703125001 0.0766385640625 0.80858240625 0.057596478124999996 0.6534970703125
5 0.5382990999999999 0.933721659375 0.5223037484375 0.8034499765625001 0.4044388921875 0.8179219609375 0.42043424375000005 0.94819364375 0.5382990999999999 0.933721659375
3 0.2384475734375 0.63916251875 0.2232139046875 0.51509425 0.0758828359375 0.53318423125 0.091116503125 0.6572525 0.2384475734375 0.63916251875
6 1 0.469418684375 0.9797064625 0.3041410859375 0.9044900734375 0.313376496875 0.9277214171875 0.5025806078125 1 0.4937059125 1 0.469418684375
6 0.3981973796875 0.0811596453125 0.38943802031249997 0.009820390625 0.2483103640625 0.0271486890625 0.2570697234375 0.09848794375 0.3981973796875 0.0811596453125