6 0.7606440734375 0.2100312453125 0.919922971875 0.22677213125 0.9345406234375 0.0876944609375 0.7752617265625 0.0709535734375 0.7606440734375 0.2100312453125
6 1 0.1998386671875 0.8637710921874999 0.18552043125 0.8525016171875001 0.2927423234375 1 0.308245028125 1 0.1998386671875
6 0.11722893906250001 0.38985489218749997 0.2174580984375 0.40038940156249997 0.236648871875 0.21780139843750002 0.1364197109375 0.20726688906250001 0.11722893906250001 0.38985489218749997
6 0.20915406875000003 0.3822344390625 0.3101601984375 0.39285061250000003 0.323961221875 0.2615426421875 0.2229550921875 0.2509264703125 0.20915406875000003 0.3822344390625
4 0.609678590625 0.2711483609375 0.7137926015625 0.28209118437499997 0.7291452203125 0.13602078125 0.625031209375 0.1250779578125 0.609678590625 0.2711483609375
6 1 0.50149115 0.9303108015625 0.49416652031249997 0.914876521875 0.6410138937500001 0.9871347531250001 0.648608540625 1 0.5262038953125 1 0.50149115
6 0.4686951953125 0.8800597640625 0.63185894375 0.8972089656250001 0.655132859375 0.67577245 0.4919691109375 0.6586232484375001 0.4686951953125 0.8800597640625
6 0 0.7286759796875 0.09315716406249999 0.7384671921875 0.107938140625 0.5978355796875 0 0.5864908234375 0 0.7286759796875
6 0 0.644621771875 0.030413828124999997 0.6478183937499999 0.0428265828125 0.52971891875 0 0.5252176640624999 0 0.644621771875
6 0.01591961875 0.531604203125 0.1301342421875 0.5436086437500001 0.1483450609375 0.37034428125 0.034130435937499995 0.358339840625 0.01591961875 0.531604203125
6 0.09027080937500001 0.5865520281250001 0.247218796875 0.6030479265625 0.264123009375 0.44221508906249996 0.10717502187500001 0.425719190625 0.09027080937500001 0.5865520281250001
6 0.14998792656249998 0.6760972046875 0.2541019375 0.687040028125 0.2684746015625 0.5502932671874999 0.164360590625 0.53935044375 0.14998792656249998 0.6760972046875
6 0.1443550859375 0.2214553375 0.0278095515625 0.2092059078125 0.0103336984375 0.3754775375 0.1268792328125 0.38772696562500003 0.1443550859375 0.2214553375
6 0.15550793125 0.1527133 0.0350775453125 0.14005555625 0.02609463125 0.2255222828125 0.1465250171875 0.23818002656249998 0.15550793125 0.1527133
6 0.22867618437499998 0.226390075 0.4050484265625 0.24492754374999998 0.4174611828125 0.12682806875 0.2410889390625 0.10829059999999999 0.22867618437499998 0.226390075
6 0.0497979765625 0 0.0393240140625 0.09965310468750001 0.17140895312499999 0.11353579218750001 0.183342046875 0 0.0497979765625 0
6 0.151996428125 0.1861230203125 0.25377952812500004 0.1968208546875 0.270683740625 0.0359880171875 0.16890064062500001 0.0252901828125 0.151996428125 0.1861230203125
6 0.21869194687500002 0 0.21854038125000003 0.00144205625 0.35994896249999997 0.016304696875 0.36166265468750003 0 0.21869194687500002 0