7 0.599096490625 0.12884151562499999 0.5793879328125 0.2893548375 0.79495655 0.3158233359375 0.8146651078125 0.1553100125 0.599096490625 0.12884151562499999
1 1 0.21112519375 0.9952178203125 0.210538015625 0.9758901046874999 0.36794963125 1 0.3709099546875 1 0.21112519375
1 0.351232028125 0 0.3355201359375 0.127963090625 0.46889352500000003 0.1443392828125 0.48661616093750004 0 0.351232028125 0
1 0.2321694875 0.059387915624999996 0.2113184046875 0.229206359375 0.3788105671875 0.2497718109375 0.39966165 0.0799533671875 0.2321694875 0.059387915624999996
1 0.374621309375 0.28389058437500003 0.3563409078125 0.4327725078125 0.524608496875 0.45343316875 0.5428888984375 0.304551246875 0.374621309375 0.28389058437500003
1 0.26422608125 0.317562778125 0.23613900625 0.5463136484375 0.3943260484375 0.5657365750000001 0.422413125 0.3369857046875 0.26422608125 0.317562778125
1 0.551585496875 0.4709136359375 0.5313056765625 0.63607951875 0.6794121718749999 0.654264709375 0.6996919921875 0.48909882656250003 0.551585496875 0.4709136359375
1 0.46313585156250003 0.6143283265624999 0.44180871718750003 0.788023903125 0.6007711859375 0.807542040625 0.622098321875 0.6338464640625 0.46313585156250003 0.6143283265624999
1 0.3389026640625 0.523511171875 0.318718053125 0.687901628125 0.4807822296875 0.7078006078125 0.5009668406250001 0.5434101515624999 0.3389026640625 0.523511171875
1 0.6617353140625 1 0.499303215625 0.9800558468749999 0.49685438125000003 1 0.6617353140625 1
1 0.18888615625 0.8734622406250001 0.1777465375 0.9641871625 0.3995185671875 0.99141734375 0.4106581875 0.9006924218749999 0.18888615625 0.8734622406250001
1 0.0293936546875 0.8774925359375001 0.021110346874999998 0.94495465625 0.1777465375 0.9641871625 0.18602984375 0.8967250421875 0.0293936546875 0.8774925359375001
1 0 0.8408245328125 0.117914 0.8553025515625 0.13657524375000002 0.703318921875 0.0032018546874999997 0.6869427296875 0 0.7130197421875 0 0.8408245328125
7 0.6588573328125 0.0716356265625 0.6656172734375 0.01658033125 0.5384472984374999 0.0009658218749999999 0.5316873578125 0.05602111562499999 0.6588573328125 0.0716356265625