3 0.775801653125 0.674856178125 0.771929990625 0.563986259375 0.6001596921875 0.569984609375 0.6040313546875 0.6808545296874999 0.775801653125 0.674856178125
3 0.8005187140625001 0.5543889296875 0.7950656671874999 0.3982341140625 0.642033946875 0.40357809843750003 0.6474869937500001 0.5597329156249999 0.8005187140625001 0.5543889296875
3 0.7800128390625 0.3925059609375 0.7732783265625 0.1996547625 0.5757424828125 0.20655286562500003 0.5824769953125 0.3994040640625 0.7800128390625 0.3925059609375
6 0.881198659375 0.2232465171875 0.874246025 0.0241491265625 0.673587084375 0.031156290625 0.68053971875 0.2302536828125 0.881198659375 0.2232465171875
6 0.8786010640624999 0.4398753875 0.9980594999999999 0.43570380625 0.9914340484374999 0.24597570468750002 0.8719756140625 0.250147284375 0.8786010640624999 0.4398753875
6 1 0.49127247343749997 0.999531821875 0.4778656078125 0.9753278249999999 0.4787108296875 0.9814625031249999 0.6543849984375 1 0.6537376546875 1 0.49127247343749997
3 0.9691237906250001 0.6368361734375 0.96566110625 0.5376778640625 0.8048216453125001 0.5432945015625 0.8082843296875 0.6424528109375001 0.9691237906250001 0.6368361734375
3 0.3540546859375 0.148629371875 0.349201475 0.0096515859375 0.1953889796875 0.015022835937500001 0.2002421921875 0.1540006234375 0.3540546859375 0.148629371875
3 0.3824799171875 0.8730786609375001 0.3769178109375 0.7138007484375 0.2324746046875 0.718844815625 0.23803671249999997 0.8781227296875 0.3824799171875 0.8730786609375001
6 1 0.644356940625 0.9296042296874999 0.6468152140625001 0.934948215625 0.799846934375 1 0.7975752765624999 1 0.644356940625
6 0.9463028578125 0.47581577187499996 0.9409588734375 0.3227840515625 0.7863656046874999 0.32818256875 0.7917095890625 0.4812142890625 0.9463028578125 0.47581577187499996
3 0.55466168125 0.9460202890625 0.556488453125 0.9983321515625001 0.694685465625 0.99350620625 0.6928586953125 0.9411943421875 0.55466168125 0.9460202890625