3 0.8699998109375 0.44391697499999994 0.7214596015625 0.423041009375 0.7017796546875 0.563071103125 0.850319865625 0.58394706875 0.8699998109375 0.44391697499999994
3 0.6647366625 0.35511060781250003 0.5239329203125 0.3353219328125 0.50273076875 0.486183084375 0.643534509375 0.505971759375 0.6647366625 0.35511060781250003
6 0.8190895578124999 0.794935221875 0.65275546875 0.771558490625 0.6262255953125 0.960328340625 0.7925596859375 0.9837050734374999 0.8190895578124999 0.794935221875
6 0.5732747484375 0.7532878546874999 0.40307242499999996 0.7293674765625 0.37425924374999997 0.9343839140625001 0.5444615671874999 0.958304290625 0.5732747484375 0.7532878546874999
6 0.6055840953125 0.14167603125 0.41836153749999994 0.11536361718749999 0.39291895625 0.2963969984375 0.5801415125 0.32270941249999996 0.6055840953125 0.14167603125
6 0.3187994625 0.060346834375000005 0.16329643124999998 0.038492309375 0.139267325 0.20946827968749998 0.2947703578125 0.23132280624999998 0.3187994625 0.060346834375000005
6 0.34463706875 0 0.327665021875 0.1207623921875 0.4893572296875 0.14348675 0.5095229781249999 0 0.34463706875 0
6 0.205785778125 0 0.2016149578125 0.0296769265625 0.36872269375 0.0531623875 0.37619418125 0 0.205785778125 0
6 0.492166565625 0 0.48277497968749994 0.0668246078125 0.6529773046875 0.090744984375 0.663197828125 0.0180221734375 0.5349634 0 0.492166565625 0
6 0.7860445765625 0.1094463703125 0.7962651000000001 0.0367235578125 0.661650534375 0.017804715625000002 0.6514300109375 0.0905275265625 0.7860445765625 0.1094463703125
3 0.8398192890624999 0.19274098125 0.8604777953125 0.045748064062499996 0.7366942875 0.028351426562499997 0.7160357796875 0.1753443421875 0.8398192890624999 0.19274098125