3 0.1286368359375 0.8750946125000001 0.2582423 0.9002873625 0.2829878421875 0.7729825875 0.153382378125 0.7477898374999999 0.1286368359375 0.8750946125000001
6 0 0.91216819375 0.1047390734375 0.93252740625 0.1244162515625 0.8312971031249999 0 0.8071130343749999 0 0.91216819375
3 0.760414409375 0.3763233734375 0.932199165625 0.40971494843749995 0.9670814359375 0.230261228125 0.7952966781249999 0.1968696546875 0.760414409375 0.3763233734375
3 0.31943068124999996 0 0.2887014953125 0.1580879578125 0.44131384531249995 0.18775279375 0.47634518437500006 0.0075321781249999996 0.4375954875 0 0.31943068124999996 0
3 0.3627022546875 0.440681253125 0.5521256250000001 0.4775014265625 0.589989284375 0.28270978125 0.40056591406250003 0.2458896078125 0.3627022546875 0.440681253125
6 0.9271812828125 0.2185260625 0.9543119359375 0.07895094687500001 0.79479751875 0.047944485937499996 0.7676668656250001 0.1875196 0.9271812828125 0.2185260625
6 0.20498552499999997 0.5437307921875 0.373702696875 0.5765260875 0.4082868265625 0.3986061609375 0.2395696546875 0.365810865625 0.20498552499999997 0.5437307921875
6 0.4794010375 0 0.44776693281249996 0.16274335625 0.6387240953125 0.19986166875 0.6728610171875 0.024242431249999998 0.5481445203125 0 0.4794010375 0
6 0.7999659421875001 0.606855690625 0.9656155296875 0.6390547078125 0.997814546875 0.47340512031250004 0.8321649609374999 0.441206103125 0.7999659421875001 0.606855690625
6 0.402815821875 0.8034376390625001 0.55389438125 0.8328043359375 0.58519898125 0.6717561265625 0.43412042343749996 0.642389428125 0.402815821875 0.8034376390625001
6 0.1605698875 0.8868728750000001 0.1499859515625 0.9413225078125 0.347078284375 0.9796333765625 0.3576622203125 0.9251837437500001 0.1605698875 0.8868728750000001