1 0.0445091078125 0.8276204765624999 0.031279725 0.953489653125 0.2045440859375 0.971700471875 0.2177734703125 0.8458312937500001 0.0445091078125 0.8276204765624999
1 0 0.9305631890624999 0.046529790625 0.9354536671875 0.062944025 0.7792826500000001 0 0.772666965625 0 0.9305631890624999
1 0 0.7624547734375 0.1603499515625 0.7793082328125001 0.17815245468750002 0.609928721875 0.01498870625 0.5927795203125 0 0.735387540625 0 0.7624547734375
1 0.24861153281249998 0.358101665625 0.417214071875 0.37582250625 0.4346082625 0.21032784843750002 0.266005721875 0.19260700625 0.24861153281249998 0.358101665625
1 0.135295425 0.5991398390625 0.30545190624999996 0.61702400625 0.32202946718750003 0.45929905 0.1518729859375 0.44141488281249996 0.135295425 0.5991398390625
1 0.9502020218749999 1 0.9570828203125 0.9345335859375 0.7830414875 0.9162411046875001 0.7742380734375 1 0.9502020218749999 1
1 0.4362902234375 0 0.43024963125 0.0574723890625 0.61749945625 0.0771531390625 0.6245224625 0.0103336984375 0.526203890625 0 0.4362902234375 0
1 0.049797978124999996 0 0.029524470312500002 0.19288953281250001 0.19191125 0.2099570703125 0.21289860468750002 0.010275721875000001 0.115131646875 0 0.049797978124999996 0
7 0.6948971859374999 1 0.7126521171875 0.8310731015625 0.5121937984375 0.8100040843749999 0.49406464375 0.982491475 0.660647128125 1 0.6948971859374999 1
6 0.1433990421875 0.9032151546874999 0.1369476765625 0.964595803125 0.3304132640625 0.98492985625 0.33686462968750003 0.9235492078125 0.1433990421875 0.9032151546874999
6 1 0.49913449062500004 0.982612796875 0.49730702187500003 0.9658719093749999 0.65658591875 0.9860731359375 0.658709153125 1 0.5262038875 1 0.49913449062500004
1 0.77609265625 0.41432771874999996 0.9617885421875 0.43384514375 0.9809793140625 0.25125713906249997 0.7952834281250001 0.231739715625 0.77609265625 0.41432771874999996
6 0.2776084484375 0 0.26178718125 0.15052929375 0.409411525 0.1660452375 0.42686358281250003 0 0.2776084484375 0
6 0.2667923015625 0.513980996875 0.4524881875 0.5334984203124999 0.47151563437500005 0.3524643578125 0.2858197484375 0.3329469328125 0.2667923015625 0.513980996875