6 0.0349769578125 0.7602698343750001 0.1859627171875 0.7470602921875 0.17023382812500001 0.5672782796875 0.0192480703125 0.580487821875 0.0349769578125 0.7602698343750001
6 0.202182703125 0.5111551859375 0.3344898125 0.4995798140625 0.32093981718750003 0.3447026703125 0.188632709375 0.3562780421875 0.202182703125 0.5111551859375
6 0.39964988125 0.5989664359375 0.54752253125 0.58602925625 0.53267881875 0.41636484687499997 0.38480616875 0.42930202656249994 0.39964988125 0.5989664359375
6 0.7267086625 0.7875853875 0.9228344937499999 0.7704266 0.9072417875 0.5922011421875 0.71111595625 0.6093599296875001 0.7267086625 0.7875853875
6 0.5280479640625 0.4261808046875 0.7093865296875 0.41031573593750004 0.6999219609375 0.30213521718749997 0.5185833953125 0.3180002859375 0.5280479640625 0.4261808046875
6 0.9030794515625 0.46395088281249997 0.9980292593750001 0.4556438515625 0.9882923281249999 0.344350225 0.8933425203124999 0.35265725625 0.9030794515625 0.46395088281249997
6 0.8498277984374999 0.2945097953125 0.982913184375 0.2828663328125 0.9699079140625001 0.13421540625 0.836822528125 0.14585886875 0.8498277984374999 0.2945097953125
6 0.191980078125 0.28697257187499997 0.34296583593749996 0.2737630296875 0.330096746875 0.12666865624999998 0.1791109875 0.1398781984375 0.191980078125 0.28697257187499997
6 0.032754671875 0.2687493859375 0.185296984375 0.2554036625 0.17065754375 0.088074084375 0.0181152296875 0.1014198078125 0.032754671875 0.2687493859375
6 0.259984421875 0.069279715625 0.255626634375 0.0194699796875 0.066505296875 0.036015953125 0.070863084375 0.0858256890625 0.259984421875 0.069279715625
6 0 0.521830465625 0.00026848125 0.5248992203125 0.11623177031250001 0.5147537468750001 0.106835290625 0.40735150625000005 0 0.4166983828125 0 0.521830465625