1 0.0878318078125 0 0.0771621125 0.05489081875 0.1630544921875 0.0715866046875 0.17696951875 0 0.0878318078125 0
1 0.1793571359375 0 0.13911894375 0.2070075515625 0.26258923749999996 0.23100774531249998 0.30749259375000004 0 0.1793571359375 0
1 0.26725349062500003 0.2152010640625 0.383054821875 0.2377105625 0.415551978125 0.0705271828125 0.299750646875 0.048017684375 0.26725349062500003 0.2152010640625
1 0.43801567031250005 0 0.42309342031249997 0.076768325 0.5887430078125 0.1089673421875 0.6076748375000001 0.0115715203125 0.548144525 0 0.43801567031250005 0
1 0.59165768125 0.392864478125 0.7902838062499999 0.4314734859375 0.8169672515625 0.294199059375 0.6183411265625 0.2555900515625 0.59165768125 0.392864478125
1 1 0.0878318078125 0.915200228125 0.0713484015625 0.9010386234375 0.14420354375 1 0.1634396859375 1 0.0878318078125
1 0.8564571234375 1 0.8706458453125 0.927005353125 0.7172665984375 0.8971914468750001 0.6972826390625 1 0.8564571234375 1
1 0.508505515625 0.939383134375 0.70406405625 0.9773958640625 0.7304493625 0.8416552296875001 0.534890821875 0.8036424999999999 0.508505515625 0.939383134375
1 0.059248078125000006 0.7653062421875 0.029583242187499997 0.9179185921874999 0.22514178281250002 0.9559313218750001 0.25480661875 0.8033189703125 0.059248078125000006 0.7653062421875
1 0.119190565625 0.0352047875 0.082379546875 0.028049449999999997 0.053460057812499996 0.17682732031249998 0.090271078125 0.1839826578125 0.119190565625 0.0352047875
6 0.7789810828125 0.91953386875 0.922390678125 0.9474098703125 0.9598071296875 0.754918915625 0.816397534375 0.7270429140625 0.7789810828125 0.91953386875
6 0.5090950125 0.48187108125 0.6862480421875 0.5163061421874999 0.70935381875 0.397437225 0.5322007890625 0.36300216406249997 0.5090950125 0.48187108125