3 0.48253961562500003 0 0.3723794796875 0.007703146875 0.383551415625 0.1674692640625 0.5355240640625001 0.1568423015625 0.5245565812499999 0 0.48253961562500003 0
3 0.2954346046875 0.6544898406249999 0.42558554062500004 0.6453888 0.4137596375 0.4762705203125 0.283608703125 0.485371559375 0.2954346046875 0.6544898406249999
6 0.2635077234375 0.937092853125 0.421715146875 0.9260299125 0.4080908359375 0.731193184375 0.24988341093750002 0.742256125 0.2635077234375 0.937092853125
6 0.9635265593750001 0.3305344625 0.9892450078125 0.328736053125 0.9801439671875001 0.19858511875 0.9544255187499999 0.20038352812500002 0.9635265593750001 0.3305344625
6 0.32911608124999997 0.4641767453125 0.4701778734375 0.4543127453125 0.4601503796875 0.31091291249999997 0.31908858906250004 0.3207769140625 0.32911608124999997 0.4641767453125
6 0.389707425 0.927484953125 0.5424594203125 0.9168034921875 0.530197540625 0.7414504375 0.37744554531249996 0.752131896875 0.389707425 0.927484953125
6 0.5520580921875 0.5276860531249999 0.7235144140624999 0.515696659375 0.711470521875 0.343460990625 0.5400142015625 0.355450384375 0.5520580921875 0.5276860531249999
6 0.5436255890624999 0.9558798328125 0.69092215625 0.945579853125 0.6796957234375001 0.7850343890625 0.53239915625 0.7953343687500001 0.5436255890624999 0.9558798328125
3 0.803579475 0.6863084546875 0.9500966953125 0.676062971875 0.937943809375 0.5022686109375 0.7914265890625 0.5125140921875 0.803579475 0.6863084546875
6 0.43419294218750004 0.062900715625 0.43005115156249996 0.0036703515625000002 0.2757404625 0.0144608046875 0.279882253125 0.0736911703125 0.43419294218750004 0.062900715625
6 0.5120260578125 0 0.5229455187500001 0.1561555640625 0.698298575 0.143893684375 0.6882365484374999 0 0.5120260578125 0