4 0.18642810781250002 0.8126147250000001 0.17270874687499999 0.682083725 0.0375159265625 0.6962930640625 0.051235287500000004 0.8268240625000001 0.18642810781250002 0.8126147250000001
7 0.29123061250000004 0.5840012609375 0.27032491875 0.38509688125 0.0628738671875 0.40690086562500005 0.0837795609375 0.6058052453125 0.29123061250000004 0.5840012609375
6 0.32275761875 0.3308816765625 0.3062617203125 0.1739336890625 0.15009070468750002 0.190347925 0.166586603125 0.3472959109375 0.32275761875 0.3308816765625
6 0.31893543750000003 0.713062328125 0.3017045734375 0.549121609375 0.14631052656250002 0.56545418125 0.163541390625 0.7293949 0.31893543750000003 0.713062328125
1 0.5475186265625 0.7503104281249999 0.528001203125 0.5646145421875 0.325211971875 0.58592855 0.344729396875 0.771624434375 0.5475186265625 0.7503104281249999
1 0.373866840625 0.891893840625 0.3559826734375 0.7217373609375 0.1990346875 0.7382332578125 0.216918853125 0.9083897390625 0.373866840625 0.891893840625
1 0.40722474999999997 1 0.40117508125 0.9424412562500001 0.1890622078125 0.9647352171874999 0.19276868593750002 1 0.40722474999999997 1
1 0.5262038953125 1 0.6897879625 0.9828066218749999 0.6753336359375 0.845282890625 0.46710561406249995 0.8671685374999999 0.4810667640625 1 0.5262038953125 1
6 1 0.6296962578125 0.7885544546875 0.6519200796875 0.8091334953124999 0.8477165781249999 1 0.8276557 1 0.6296962578125
6 0.78043229375 0.8138121890625 0.7970098546875 0.971537146875 0.98814453125 0.9514480828125 0.9715669703125001 0.793723125 0.78043229375 0.8138121890625
3 1 0.4737961140625 0.9975059359375 0.45006667968749997 0.8203567234375001 0.46868581093749995 0.8415890671874999 0.670698071875 1 0.6540484109375 1 0.4737961140625