6 0.45140030781249996 0.790116546875 0.29166241249999997 0.8097298953125 0.3147985453125 0.9981585781250001 0.4745364421875 0.97854523125 0.45140030781249996 0.790116546875
6 0.1536656484375 1 0.14098325 0.896710153125 0.04638119375 0.908325825 0.0576373671875 1 0.1536656484375 1
6 0.6914716000000001 0.059318206250000005 0.4906360890625 0.08397770624999999 0.5124392765625 0.2615504171875 0.7132747859374999 0.2368909171875 0.6914716000000001 0.059318206250000005
6 0.74985628125 0.21429558124999998 0.61183033125 0.2312430375 0.6318245203124999 0.394082640625 0.7698504703125 0.37713518437500004 0.74985628125 0.21429558124999998
6 1 0.6220059921875001 0.9098973687499999 0.6330692046874999 0.9300819796875001 0.7974596609375 1 0.7888748078125001 1 0.6220059921875001
6 0.4247925453125 0.1054432671875 0.24334270156249999 0.12772250624999998 0.26752615 0.32468088281249996 0.44897599218749995 0.30240164375 0.4247925453125 0.1054432671875
6 0.2728892375 0.7978668437499999 0.1480455421875 0.8131957218749999 0.1650882078125 0.9519970984375 0.289931903125 0.9366682203125001 0.2728892375 0.7978668437499999
6 0.6171631078125001 0.22980113750000003 0.47215831875000003 0.2476054875 0.49110519375 0.40191539687500005 0.6361099828125 0.38411104687500003 0.6171631078125001 0.22980113750000003
3 0.276688034375 0.0338968703125 0.1216026984375 0.05293895625 0.139407046875 0.1979437453125 0.2944923828125 0.178901659375 0.276688034375 0.0338968703125
3 0 0.1591754671875 0.1349733875 0.14260281875 0.12269124218750001 0.042572778125 0 0.0576373671875 0 0.1591754671875
3 0.85381926875 0.753299584375 0.6902042390625 0.773388984375 0.7127691109375001 0.9571651078125001 0.876384140625 0.9370757078124999 0.85381926875 0.753299584375
4 0.44035108906250003 0.3026735328125 0.25269783281249997 0.32571445468750004 0.27478665 0.5056134453125 0.4624399078125 0.482572521875 0.44035108906250003 0.3026735328125
6 0 0.5305813109375 0.0159138578125 0.6601892874999999 0.14773639375 0.6440035140625 0.12498110312499999 0.4586765375 0 0.4740222875 0 0.5305813109375
6 0.6221660453125 0.3795262109375 0.4911189359375 0.395616771875 0.50511486875 0.5096044953125001 0.636161978125 0.49351393281249994 0.6221660453125 0.3795262109375
3 0.7998064796875 0.3710956984375 0.6261109031250001 0.3924228328125 0.64572425 0.5521607296875 0.8194198265624999 0.5308335937499999 0.7998064796875 0.3710956984375