3 0.40538490156250007 0 0.3859860328125 0.09979853125 0.530929421875 0.127972671875 0.5555258937499999 0.0014347921875000002 0.548144528125 0 0.40538490156250007 0
6 0.3688282703125 0.6384525171875 0.401474496875 0.470502240625 0.2526966265625 0.44158275312499995 0.2200504 0.609533028125 0.3688282703125 0.6384525171875
6 0.9121681921875 1 0.9274590421875001 0.9213353984375001 0.8523032109375 0.9067265843750001 0.8341726953125 1 0.9121681921875 1
6 0.8563425546874999 0.7753969328125 0.8918211015624999 0.592875628125 0.724637721875 0.5603784703125 0.689159175 0.7428997749999999 0.8563425546874999 0.7753969328125
4 0.1201165546875 0.8861723953125 0.11087424374999999 0.9337199625 0.25811832031250004 0.9623413125000001 0.26736063125 0.9147937453124999 0.1201165546875 0.8861723953125
1 0.6500997171875 0.5466856234375 0.6870689609375 0.35649535625 0.5076152406250001 0.32161308593750004 0.4706459984375 0.511803353125 0.6500997171875 0.5466856234375
3 0.66146838125 1 0.66620955 0.9756088 0.5212661609375 0.947434659375 0.5110484937499999 1 0.66146838125 1
3 0.8290415828125001 0.571917928125 0.8610915312499999 0.4070352375 0.696208840625 0.3749852890625 0.6641588921875 0.5398679796875 0.8290415828125001 0.571917928125
3 0.82162205 0.8148085500000001 0.9435585515625 0.8385106046875 0.9760557078125001 0.671327225 0.85411920625 0.6476251703125 0.82162205 0.8148085500000001
3 0.1761736453125 0 0.16541805468749998 0.055332714062499996 0.3203310953125 0.085444759375 0.3369398734375 0 0.1761736453125 0
3 0 0.5460668796875 0.0030600921875 0.5466617015625 0.0373460828125 0.3702755671875 0.016639884375 0.366250690625 0 0.45185547656249997 0 0.5460668796875
4 0.1917469671875 0.7305751125 0.21917576093750002 0.5894662046875 0.0726985796875 0.560993925 0.0452697859375 0.7021028328125001 0.1917469671875 0.7305751125