7 0.9321448796875 0.676318821875 0.935130878125 0.50525113125 0.7843725921875 0.502619634375 0.7813865953125 0.6736873265625001 0.9321448796875 0.676318821875
6 0.5967572828125001 1 0.59946705625 0.8447571984375 0.4401163296875 0.8419757203125 0.43737575624999997 0.998983053125 0.49563658593750004 1 0.5967572828125001 1
6 0.9221814671875 0.9785347156249999 0.924744790625 0.8316820859374999 0.7521148359375001 0.82866881875 0.7495515140625 0.9755214484374999 0.9221814671875 0.9785347156249999
6 0.5373988453125 0.5061223828125 0.540398478125 0.33427355937500003 0.3591760828125 0.3311103109375 0.3561764515625 0.502959134375 0.5373988453125 0.5061223828125
6 0.8715091218750001 0.8823232078125001 0.9933655609375001 0.8844502203125 0.99599705625 0.733691934375 0.87414061875 0.731564921875 0.8715091218750001 0.8823232078125001
6 0.31920028125 0.47262169062500003 0.32224081718750003 0.298429475 0.184761759375 0.29602976875000003 0.181721221875 0.470221984375 0.31920028125 0.47262169062500003
6 0.7555960421875 0.9873474906249999 0.7578594015625 0.85767974375 0.6360029625 0.8555527312500001 0.6337396046875 0.9852204796875 0.7555960421875 0.9873474906249999
6 0.9087765375 0.17974160781249998 0.911585284375 0.01882861875 0.7631703921875 0.016238028125 0.7603616453125001 0.177151015625 0.9087765375 0.17974160781249998
6 0.4463768328125 0.6623701265624999 0.449226484375 0.49911374531249997 0.282845578125 0.49620955625 0.279995928125 0.6594659375 0.4463768328125 0.6623701265624999
6 0.3430088859375 0.988740815625 0.34577672812500004 0.83017121875 0.1864260015625 0.8273897421875 0.18365815937500002 0.9859593375 0.3430088859375 0.988740815625
3 0.6839607890625 0.16722237499999998 0.6868240734375 0.0031848625 0.51731864375 0.00022613437499999998 0.5144553593750001 0.164263646875 0.6839607890625 0.16722237499999998