6 0.530708075 0.9137417765625001 0.5134811984375001 0.71683766875 0.38273064375 0.7282768609375 0.399957521875 0.92518096875 0.530708075 0.9137417765625001
6 0.9639805171875 0.38019930625 0.9912202156250001 0.377816140625 0.9784873062500001 0.23227832187500003 0.9512476078125 0.23466148593749997 0.9639805171875 0.38019930625
6 0.79135964375 0.30746743906249996 0.9835940890625 0.2906491046875 0.9665714828124999 0.096079828125 0.7743370374999999 0.1128981625 0.79135964375 0.30746743906249996
6 0.8995101734375 0.3693708109375 0.89038605625 0.265081678125 0.725391309375 0.2795168484375 0.7345154265625 0.38380598125 0.8995101734375 0.3693708109375
6 0.5309899625 0.934891440625 0.5365733781250001 0.9987101624999999 0.672771871875 0.9867943390624999 0.66718845625 0.922975615625 0.5309899625 0.934891440625
6 0.233971803125 1 0.2305069078125 0.9603960671875 0.039829017187499996 0.9770782203125 0.0418344125 1 0.233971803125 1
6 0.083398828125 1 0.07379202812499999 0.890193778125 0.032543342187500005 0.8938025703125 0.0418344125 1 0.083398828125 1
6 0.13172569218750002 0.8263076703125 0.11436263437500001 0.6278470078125 0.01629971875 0.6364264015625001 0.0336627765625 0.8348870640625 0.13172569218750002 0.8263076703125
6 0.26637786406249997 0.7698257796875 0.25337259218749997 0.6211748515625 0.117952375 0.6330225859375 0.130957646875 0.7816735125000001 0.26637786406249997 0.7698257796875
6 0.2603770859375 0.6205620374999999 0.24512483125 0.446227965625 0.1338312046875 0.455964896875 0.149083459375 0.63029896875 0.2603770859375 0.6205620374999999
6 0.296812521875 0.40955227499999997 0.28360297968750003 0.258566515625 0.11782995468749999 0.2730697765625 0.131039496875 0.424055534375 0.296812521875 0.40955227499999997
6 0.44649715468749995 0.1753025078125 0.4315172609375 0.0040815437500000004 0.3101060328125 0.014703649999999999 0.325085925 0.1859246140625 0.44649715468749995 0.1753025078125