7 0.2967414953125 0.9264337812500001 0.2882950828125 0.966171028125 0.43807393437500003 0.9980075062499999 0.44652034687500003 0.958270259375 0.2967414953125 0.9264337812500001
7 0.9524359703125 0.16007607343750002 0.967704484375 0.088243359375 0.8186898109375 0.0565693125 0.8034212953125 0.12840202812499998 0.9524359703125 0.16007607343750002
7 0.4565794859375 0.7719143484375001 0.6185851828125 0.806349721875 0.6539951421875 0.639758959375 0.4919894453125 0.605323584375 0.4565794859375 0.7719143484375001
7 0.11301560156249998 0.329087828125 0.262030275 0.360761875 0.29126785625 0.22320986875 0.1422531828125 0.191535821875 0.11301560156249998 0.329087828125
1 0.4996399546875 0.97515210625 0.61579498125 0.99984161875 0.6507176484375 0.8355433890624999 0.5345626218749999 0.8108538765625 0.4996399546875 0.97515210625
1 0.9057790234375 0.7515826375 0.95545058125 0.762140653125 0.9879367828125 0.609305090625 0.938265225 0.598747075 0.9057790234375 0.7515826375
1 0.7959773046875 0.708275971875 0.9098397984375 0.7324781921875 0.9371282078125001 0.60409631875 0.8232657140624999 0.5798940984375001 0.7959773046875 0.708275971875
1 0.7249047046875 0.59173366875 0.8830895125 0.6253568875 0.9152508515625 0.4740496796875 0.7570660453125 0.4404264609375 0.7249047046875 0.59173366875
6 0.6342212625 0.29690556875 0.8107463375 0.3344271328125 0.84436955625 0.176242325 0.6678444812500001 0.1387207625 0.6342212625 0.29690556875
5 1 0.4920636671875 0.9893761 0.48980548749999997 0.9656611734375 0.6013754484375 0.9885865078125 0.606248378125 1 0.55255211875 1 0.4920636671875
5 0.8202294359375 1 0.8494333578125 0.8626063484375001 0.6683232171875 0.8241102 0.6309366859375001 1 0.8202294359375 1