5 0.05971566874999999 0.5328838515625 0.08602949062500001 0.65668065625 0.23275163124999998 0.625493903125 0.20643780781249998 0.501697096875 0.05971566874999999 0.5328838515625
6 0.58760926875 0.942230046875 0.5978424234374999 0.9903732484375001 0.72928100625 0.9624351156250001 0.719047853125 0.9142919125000001 0.58760926875 0.942230046875
6 0.6365467328125 0.7816717921875 0.66692133125 0.92457304375 0.8350404499999999 0.888838221875 0.8046658515624999 0.7459369703125 0.6365467328125 0.7816717921875
6 1 0.676462790625 0.8868612140625001 0.70051118125 0.9185352609375 0.8495258546875 1 0.8322099906249999 1 0.676462790625
6 1 0.558254659375 0.9002661375000001 0.5794537453124999 0.924143496875 0.6917878843749999 1 0.6756640859374999 1 0.558254659375
6 0.347571421875 0.2863989890625 0.3797327625 0.4377061953125 0.494359434375 0.41334154375 0.46219809375 0.2620343375 0.347571421875 0.2863989890625
6 0.6271633375000001 0.5496461421875 0.65672578125 0.6887265046875 0.7598897859375 0.66679831875 0.7303273421875 0.52771795625 0.6271633375000001 0.5496461421875
6 0.8049427359375001 0.74348200625 0.840027834375 0.9085444140625001 0.9324933484375 0.8888902625 0.8974082515624999 0.7238278546875 0.8049427359375001 0.74348200625
6 1 0.44744788281250003 0.9893986625 0.3975725109375 0.8755361687500001 0.42177473125000003 0.906885353125 0.5692610484375 1 0.5494689187499999 1 0.44744788281250003
6 0.1414327921875 1 0.1280176046875 0.9368865078124999 0.0836952921875 0.9463075062499999 0.095107984375 1 0.1414327921875 1
6 0.3654752265625 0.5134187546875 0.39373822187499996 0.64638569375 0.5595648078125001 0.611138165625 0.5313018125 0.4781712265625 0.3654752265625 0.5134187546875
6 0.462410228125 0 0.482392184375 0.094007715625 0.6787858828125 0.052262945312499996 0.66767705 0 0.462410228125 0
6 0.44744788125 0 0.32039055156249996 0.027006868750000003 0.3393949796875 0.11641567343749999 0.500636496875 0.08214273125 0.48317652187500004 0 0.44744788125 0