6 0.35084006875 1 0.33859989687500003 0.94698199375 0.1802647609375 0.9835365390625 0.18406565 1 0.35084006875 1
6 0.505587484375 1 0.4974671578125 0.9648270015625 0.345116165625 1 0.505587484375 1
6 0.2788012453125 0.19827571875 0.4363751546875 0.161896915625 0.40157803750000004 0.011174046875 0.24400412968750002 0.04755285 0.2788012453125 0.19827571875
6 0.0797593453125 0.7565784171875001 0.2274373078125 0.722484271875 0.185434728125 0.5405511125 0.037756765625 0.57464525625 0.0797593453125 0.7565784171875001
6 0.36492609374999996 0.6859316843750001 0.5567552 0.6416444453125 0.52230956875 0.4924440296875 0.3304804625 0.53673126875 0.36492609374999996 0.6859316843750001
6 0.43902257499999997 0.916581390625 0.60420875 0.87844515625 0.5695873765624999 0.7284835140625 0.40440120156250003 0.766619746875 0.43902257499999997 0.916581390625
6 0.5569678031249999 1 0.6596715765625001 0.976288965625 0.6380551875 0.8826580921874999 0.477436371875 0.9197398671875 0.495965884375 1 0.5569678031249999 1
6 0.49270642656249997 0.7775030828125 0.6556089218750001 0.7398940781250001 0.62362369375 0.601350834375 0.46072119999999994 0.6389598390625 0.49270642656249997 0.7775030828125
6 0 0.26825465937500004 0.1582351875 0.2317231875 0.12273510000000001 0.0779554109375 0 0.1062910421875 0 0.26825465937500004
6 0.751174928125 0.74749753125 0.931585634375 0.7058464375 0.895382575 0.5490337546874999 0.7149718671875 0.5906848484375 0.751174928125 0.74749753125
6 0.6230636734375 0.8732903546875 0.7882498484375 0.835154121875 0.754331446875 0.688237384375 0.589145271875 0.7263736187500001 0.6230636734375 0.8732903546875