1 0.1259966515625 0 0.1196715609375 0.06017921875 0.27040378593750003 0.0760218140625 0.2783940015625 0 0.1259966515625 0
1 0.422466078125 0.2286904859375 0.5708673921874999 0.2442880921875 0.58679165 0.09277889843750001 0.4383903359375 0.077181290625 0.422466078125 0.2286904859375
1 0.3353825171875 0.339727296875 0.501654146875 0.35720315 0.5248464 0.136543603125 0.3585747703125 0.1190677515625 0.3353825171875 0.339727296875
1 0.787565565625 0.8208790953125 0.9670456890624999 0.8397432171875 0.9846032046875001 0.6726946171875 0.80512308125 0.6538304968750001 0.787565565625 0.8208790953125
1 0.645456984375 0.7753063015625 0.779872834375 0.7894339765625 0.7999618984375 0.5982993 0.6655460484375 0.584171625 0.645456984375 0.7753063015625
1 0.5030637546875 0.7399157828125 0.682543878125 0.7587799046875 0.6989581140625 0.6026088875 0.519477990625 0.5837447671875 0.5030637546875 0.7399157828125
1 0.35465774843750003 0.69446665625 0.50616694375 0.7103909140625 0.52004963125 0.5783059749999999 0.3685404359375 0.5623817171875001 0.35465774843750003 0.69446665625
1 0.181202134375 0.7602899437499999 0.3412580015625 0.77711249375 0.36085708906249997 0.5906396390624999 0.20080122031249997 0.5738170890625 0.181202134375 0.7602899437499999
1 0.11775667812499999 0.8855945203125 0.2444028265625 0.8989055671875 0.2587754890625 0.76215880625 0.1321293421875 0.748847759375 0.11775667812499999 0.8855945203125
1 0 0.9117099078124999 0.0951079125 0.9217061531249999 0.11919845625 0.692499934375 0 0.679971671875 0 0.9117099078124999
3 0.2916743421875 0.8975895765624999 0.28301807968750003 0.9799484203125 0.4609442625 0.998649215625 0.469600525 0.916290371875 0.2916743421875 0.8975895765624999