5 0.3616504828125 0.396140578125 0.2013253984375 0.3821139515625 0.18675404843750001 0.548665253125 0.34707913281249997 0.5626918796875 0.3616504828125 0.396140578125
7 0 0.8515097296875 0.043856234375000004 0.855346653125 0.062513009375 0.642098725 0 0.6366295453124999 0 0.8515097296875
1 1 0.5202173046875 0.88262021875 0.5099479046875001 0.8690021343750001 0.665603325 0.9865219765625 0.6758849796875 1 0.5218304796875 1 0.5202173046875
7 0.9707384031249999 0.318461746875 0.8718972109375001 0.3098142640625 0.8534447046875 0.520727359375 0.9522858984375 0.52937484375 0.9707384031249999 0.318461746875
7 0.6443481765625 0.26637927499999997 0.492584140625 0.2531016421875 0.4789660546875 0.40875706406249995 0.630730090625 0.42203469687500006 0.6443481765625 0.26637927499999997
7 0.15277127968749998 0.4351151171875 0.039142821875 0.42517391406250005 0.0252523765625 0.5839424453125 0.138880834375 0.593883646875 0.15277127968749998 0.4351151171875
1 0.2891528765625 0.2925528125 0.130384346875 0.27866236718750004 0.1173109859375 0.428091571875 0.276079515625 0.4419820171875 0.2891528765625 0.2925528125
1 0.9690735390624999 0.20303365625 0.9833044375 0.040373740625 0.8346535093749999 0.027368470312499997 0.8204226109375 0.190028384375 0.9690735390624999 0.20303365625
6 0.21003885625000002 0.09427807656250001 0.037261337500000005 0.079162003125 0.022417625 0.2488264125 0.19519514375 0.2639424859375 0.21003885625000002 0.09427807656250001
6 0.8623529078125 0.2485932078125 0.7074757640625 0.2350432140625 0.6952875781250001 0.374354815625 0.8501647218749999 0.3879048109375 0.8623529078125 0.2485932078125
6 0.5990740406249999 0.4522029890625 0.44886655937500003 0.43906153750000004 0.4302778734375 0.6515311875 0.5804853546875 0.664672640625 0.5990740406249999 0.4522029890625
6 0.47172941875 0.5273275468749999 0.2989519015625 0.5122114718749999 0.2841081890625 0.68187588125 0.45688570625 0.69699195625 0.47172941875 0.5273275468749999