3 0 0.552552115625 0.0024797875 0.5642185984375 0.1285691265625 0.5374174828125 0.097869665625 0.3929878765625 0 0.41379071562499997 0 0.552552115625
6 0.6046305515625 0.2181814234375 0.43727561093749995 0.2537538140625 0.4687872265625 0.402004309375 0.6361421671875 0.36643191875 0.6046305515625 0.2181814234375
6 1 0.826619065625 0.9128131765624999 0.845151196875 0.928731415625 0.920040621875 1 0.9048920171875 1 0.826619065625
6 0.7461640625 0.6848911796875 0.5642897437500001 0.723549759375 0.599699703125 0.890140521875 0.7815740234375 0.8514819421875 0.7461640625 0.6848911796875
4 0.910670453125 0.2601569140625 0.958049478125 0.2500861921875 0.9268627234375 0.10336405156249999 0.8794837 0.11343477500000002 0.910670453125 0.2601569140625
1 0.5112892578125 0.47044447187499994 0.321773159375 0.5107273625000001 0.359782015625 0.6895449703125001 0.5492981140625 0.6492620796875 0.5112892578125 0.47044447187499994
3 1 0.5023454078125 0.947737659375 0.5134541109375 0.9784371203125 0.6578837171874999 1 0.6533003859375001 1 0.5023454078125
3 0.5427268765625 0.663438096875 0.378428646875 0.6983607640625 0.4133513125 0.86265899375 0.5776495421875001 0.8277363281250001 0.5427268765625 0.663438096875
3 0.6537829187499999 0.8514888578124999 0.6796094484374999 0.97299313125 0.8462002125 0.9375831703124999 0.8203736812500001 0.8160788984374999 0.6537829187499999 0.8514888578124999
3 0 0.34510220625 0.08237224374999999 0.327593446875 0.0495611796875 0.173229528125 0 0.1837640828125 0 0.34510220625
3 0.447447884375 0 0.3578352640625 0.01904775 0.36222090156250003 0.0396805515625 0.5379817984375 0.00232141875 0.537488365625 0 0.447447884375 0
4 0.694135915625 0.041811864062499995 0.5535271984375 0.07169916875 0.5845515203125 0.21765713125000002 0.7251602375 0.18776982656250002 0.694135915625 0.041811864062499995