6 1 0.4650365890625 0.9764326484374999 0.297346178125 0.907578071875 0.3070230578125 0.9338904859375001 0.49424561406249995 1 0.484954528125 1 0.4650365890625
6 0.852561290625 0.20746098281249997 0.96164550625 0.1921301953125 0.93979098125 0.0366271625 0.8307067640625 0.051957949999999996 0.852561290625 0.20746098281249997
6 0.9357012046875001 0.3780187484375 0.9129768468749999 0.21632654062499998 0.7582474609375 0.2380723375 0.78097181875 0.3997645453125 0.9357012046875001 0.3780187484375
6 0.8453768421875001 0.2573842140625 0.82189138125 0.0902764765625 0.647047175 0.11484922812500001 0.6705326359375 0.28195696406250004 0.8453768421875001 0.2573842140625
6 0.8829594390625 0.5416388234375 0.8590390625 0.3714364984375 0.6927049734375 0.39481323125 0.7166253499999999 0.5650155546875 0.8829594390625 0.5416388234375
6 0.9016608250000001 0.6747060953124999 0.88274198125 0.5400915296875 0.7550902374999999 0.5580318125 0.77400908125 0.692646378125 0.9016608250000001 0.6747060953124999
3 0.9849554359375 0.7284808078125 0.9675587984374999 0.6046972984375001 0.8058665890625001 0.62742165625 0.823263228125 0.751205165625 0.9849554359375 0.7284808078125
6 0.624598996875 0.5613815328125 0.6022008265625 0.40201026406249996 0.44282955937499996 0.4244084359375 0.4652277296875 0.583779703125 0.624598996875 0.5613815328125
6 0.5015430421875 0.2583712359375 0.4818630953125 0.11834114062500001 0.3364174734375 0.138782190625 0.35609742031249997 0.278812284375 0.5015430421875 0.2583712359375
3 0 0.11956345312500001 0.01862424375 0.252081834375 0.1640698671875 0.231640784375 0.1411280515625 0.06840128281249999 0 0.0882355375 0 0.11956345312500001
6 0.1967639109375 0.7224925890625 0.17436574062500002 0.563121321875 0.010352590625 0.5861718671875 0.0327507625 0.745543134375 0.1967639109375 0.7224925890625
3 0.2544780390625 0.9479040234375 0.23338461562499999 0.7978165203125 0.084070759375 0.8188012140625001 0.10516418125 0.9688887171875 0.2544780390625 0.9479040234375
6 0.534963403125 1 0.5873804296875 0.9926332671875 0.5681354 0.8556977609375 0.40566954375000003 0.8785308484375 0.4227409203125 1 0.534963403125 1