6 0.6816510296875 0.607570371875 0.7021212703125 0.7742871078125 0.85643118125 0.7553402328125001 0.8359609390625 0.588623496875 0.6816510296875 0.607570371875
6 0.62423700625 0.851542159375 0.6370904140625 0.9562247609375 0.7440992953125 0.9430857234375001 0.7312458875 0.8384031203125 0.62423700625 0.851542159375
6 0.530581309375 1 0.6353756328125 0.987132875 0.6284252718750001 0.930526728125 0.460933109375 0.9510921796874999 0.466938234375 1 0.530581309375 1
6 0.4059632515625 0.7854629953125001 0.42757601875000006 0.9614848515625001 0.5888647687499999 0.9416810828125 0.5672520015625 0.7656592265625 0.4059632515625 0.7854629953125001
6 0.30601765468750003 0.6702218078125 0.330201103125 0.8671801859375 0.4837355859375 0.848328521875 0.45955213749999996 0.65137014375 0.30601765468750003 0.6702218078125
6 0.1073199890625 0.6033132359375 0.010391653125 0.6152145390625 0.0335277875 0.8036432234375 0.130456121875 0.7917419203125 0.1073199890625 0.6033132359375
6 0 0.53058130625 0.0010610328125 0.539222725 0.170879475 0.5183716421875 0.154979334375 0.3888753859375 0 0.40790445468750003 0 0.53058130625
6 0.051483465625 0.2575406609375 0.0707159703125 0.41417685000000004 0.21416990625 0.39656292187500003 0.1949374015625 0.23992673125000002 0.051483465625 0.2575406609375
6 0 0.1138953046875 0.0178544859375 0.259308428125 0.16751183593750002 0.24093281718749998 0.1450421765625 0.0579321203125 0 0.075741059375 0 0.1138953046875
6 0.1942139703125 0.349424828125 0.21392252812499998 0.5099381515625 0.32558397031249997 0.49622785 0.3058754125 0.3357145265625 0.1942139703125 0.349424828125
6 0.1950384140625 0.593329884375 0.21979312499999998 0.794940821875 0.3795310203125 0.775327475 0.3547763109375 0.5737165375 0.1950384140625 0.593329884375