0 1 0.049797978124999996 0.8739299078125 0.0365474765625 0.8678051921875 0.09482024375 1 0.10871447812499999 1 0.049797978124999996
0 0.555500696875 0.3008039359375 0.8188936046874999 0.32848764531249997 0.8393093203124999 0.1342450875 0.5759164125 0.106561378125 0.555500696875 0.3008039359375
0 0.472848046875 0.5042161953125001 0.6538821109375 0.5232436421875 0.670786321875 0.362410803125 0.489752259375 0.34338335625 0.472848046875 0.5042161953125001
0 0.228200509375 0.58219574375 0.37737879375 0.5978750125000001 0.39428300625 0.43704217500000003 0.245104721875 0.42136290625 0.228200509375 0.58219574375
0 0.74718635 0.704300940625 0.84586156875 0.714672125 0.8587643 0.591910828125 0.7600890812500001 0.5815396453125 0.74718635 0.704300940625
0 0.7565404906250001 0.8993157765625 0.9212581796875 0.916628303125 0.9371824375 0.7651191093749999 0.7724647484375 0.74780658125 0.7565404906250001 0.8993157765625
0 0.533267509375 0.639397284375 0.694100346875 0.6563014968750001 0.71035125625 0.5016844203125 0.54951841875 0.48478020781250003 0.533267509375 0.639397284375
0 0.4589350859375 0.7038555390625 0.5886891140625 0.7174932375 0.6046950359375 0.565207071875 0.47494100625 0.5515693749999999 0.4589350859375 0.7038555390625
0 0.43192556875 0.8337752406250001 0.567895359375 0.8480662406249999 0.583411303125 0.7004418968749999 0.4474415125 0.686150896875 0.43192556875 0.8337752406250001
0 0.6014163390625 1 0.607208265625 0.9448934890625 0.5139718375 0.9350939453124999 0.5071499375 1 0.6014163390625 1
0 0.5047932765625001 1 0.5140091499999999 0.9123168203124999 0.348514490625 0.8949226296875 0.3389599359375 0.9858281468750001 0.473796115625 1 0.5047932765625001 1
0 0.1853134296875 0.9005505546875 0.348477178125 0.9176997546875001 0.3670146484375 0.7413275125000001 0.2038509 0.7241783125000001 0.1853134296875 0.9005505546875
0 0.03235519375 0.7713543140625 0.013409409375 0.9516114078125 0.180458009375 0.9691689234374999 0.19940379218749998 0.7889118296875 0.03235519375 0.7713543140625
0 0.1154724640625 0.9222754468750001 0.1113076578125 0.9619009281249999 0.285348990625 0.9801934093750001 0.289513796875 0.940567928125 0.1154724640625 0.9222754468750001