6 0.7144009734375001 0.40039018593750003 0.696435453125 0.286960353125 0.5274481515625 0.3137253125 0.545413671875 0.42715514531250004 0.7144009734375001 0.40039018593750003
6 0 0.45944518749999996 0.0065249203125 0.5006419125 0.1600795921875 0.4763212421875 0.140158640625 0.3505453046875 0 0.372744253125 0 0.45944518749999996
6 0.3342574984375 0.347487659375 0.309936828125 0.19393298750000001 0.167184996875 0.21654265625 0.1915056671875 0.370097328125 0.3342574984375 0.347487659375
1 0 0.4494701265625 0.0331821859375 0.44421458437499994 0.0054395109375 0.2690542296875 0 0.2699157640625 0 0.4494701265625
1 0 0.53935085 0.012755409375000002 0.6198853343749999 0.059824931250000005 0.6124302546875 0.030493468750000002 0.42723869062500003 0 0.43206838125 0 0.53935085
1 0.33184421249999996 0.5669736671875001 0.3063013984375 0.40570268125000003 0.13422757031250002 0.432956496875 0.159770384375 0.594227484375 0.33184421249999996 0.5669736671875001
1 0.21031477812500002 0.378983084375 0.18856060937500002 0.2416326734375 0.03114778125 0.2665644171875 0.0529019484375 0.4039148265625 0.21031477812500002 0.378983084375
1 0.2582371921875 0.711517921875 0.2357497375 0.5695377234375 0.027409228125 0.60253561875 0.049896682812499996 0.7445158171874999 0.2582371921875 0.711517921875
6 0.8182259609375 0.6813575546874999 0.7921942890625 0.5170000421875 0.5753658328125 0.5513422953125 0.60139750625 0.7156998078125001 0.8182259609375 0.6813575546874999
6 0.322810134375 0.1903120796875 0.298611678125 0.037529039062500005 0.11419174531250001 0.06673828750000001 0.13839020156249998 0.219521328125 0.322810134375 0.1903120796875
6 0.4985114046875 1 0.4897336640625 0.9445795203125 0.33926551875 0.9684113328124999 0.344268671875 1 0.4985114046875 1
6 0.453431409375 0.36578882031250004 0.42898852343750005 0.21146251718750003 0.314787059375 0.2295502515625 0.3392299453125 0.3838765546875 0.453431409375 0.36578882031250004