6 0 0.91216819375 0.0894011484375 0.9295460156249999 0.11608459374999999 0.7922715890625 0 0.7697070296875 0 0.91216819375
6 0.1657693140625 0.9133514593750001 0.15995560312499998 0.9432604124999999 0.3048989921875 0.971434553125 0.310712703125 0.9415256 0.1657693140625 0.9133514593750001
6 0.22485132812500003 0.3923971921875 0.055367259375 0.3594528265625 0.0286838140625 0.496727253125 0.1981678828125 0.52967161875 0.22485132812500003 0.3923971921875
6 1 0.3090843390625 0.880660965625 0.28588718125 0.8492072953124999 0.4477022875 0.97957965625 0.47304410625 1 0.3679905453125 1 0.3090843390625
3 0.4403060734375 0.42631862812500004 0.3114675046875 0.401274946875 0.2850821984375 0.53701558125 0.4139207671875 0.5620592609374999 0.4403060734375 0.42631862812500004
6 0.7697070296875 1 0.78705415625 0.9107567734375 0.591495615625 0.87274404375 0.5667595624999999 1 0.7697070296875 1
6 0.9058012124999999 1 0.9101436578125 0.977660059375 0.7667340609375 0.9497840578125001 0.7569730703124999 1 0.9058012124999999 1
6 0.7793456375 0.9586024796875 0.915086271875 0.9849877859375 0.9314839203125 0.9006292 0.7957432859375 0.8742438937499999 0.7793456375 0.9586024796875
6 0.7537723953125 0.7912735718749999 0.609595903125 0.7632485 0.5855957093749999 0.8867187953125001 0.7297722015625 0.914743865625 0.7537723953125 0.7912735718749999
6 0.5402039046875 0.2563191640625 0.3891253453125 0.22695246562500002 0.354690284375 0.404105496875 0.5057688437500001 0.43347219375 0.5402039046875 0.2563191640625
6 0.4006096671875 0 0.3958444 0.0245151796875 0.549223646875 0.054329084375 0.559360375 0.002180140625 0.5481445234375 0 0.4006096671875 0