1 1 0.39308492031250003 0.8464967109374999 0.39040550937499996 0.842706265625 0.60755993125 0.9981513375000001 0.6102732343749999 1 0.5043634531250001 1 0.39308492031250003
1 0.38454872500000004 0.7128612671875 0.5501484999999999 0.715751821875 0.5528072640625 0.563431275 0.387207490625 0.5605407203125 0.38454872500000004 0.7128612671875
1 0.43303516093749994 0.57618665625 0.560359515625 0.5784091109375 0.5640136124999999 0.369066 0.4366892578125 0.36684354531249996 0.43303516093749994 0.57618665625
1 0.1987719375 0.6572667984375 0.3362509953125 0.659666503125 0.33989145781249996 0.45110452343749996 0.2024124 0.4487048171875 0.1987719375 0.6572667984375
1 0.05640730000000001 0.5766449140625001 0.1845127859375 0.578881003125 0.1880850765625 0.374224678125 0.059979590625 0.3719885875 0.05640730000000001 0.5766449140625001
1 0.0691895453125 0.38152577656250003 0.23557045156249998 0.384429965625 0.238897315625 0.193834 0.0725164109375 0.19092980937499998 0.0691895453125 0.38152577656250003
1 0.21121113593750002 0.3027423953125 0.3932146609375 0.3059192796875 0.39579161875 0.15828551875000002 0.2137880921875 0.155108634375 0.21121113593750002 0.3027423953125
1 0.3745765953125 0.2993429984375 0.5089311296875 0.301688165625 0.5129806328125001 0.0696922546875 0.3786260984375 0.0673470875 0.3745765953125 0.2993429984375
1 0.185352815625 0.9336371937499999 0.18428930937500002 0.9945654140625001 0.37566640625000003 0.9979059124999999 0.3767299125 0.93697769375 0.185352815625 0.9336371937499999
1 0.7061489437499999 1 0.7063847875 0.9864885062500001 0.576717040625 0.984225146875 0.5764416890625 1 0.7061489437499999 1
1 0.20577266718749998 0.48001823125 0.3518441671875 0.48256791874999994 0.3545711046875 0.3263417171875 0.20849960625000002 0.3237920296875 0.20577266718749998 0.48001823125