6 0.508321584375 0.64873026875 0.5411326484375001 0.49436635000000007 0.3875329078125 0.46171771718750004 0.3547218453125 0.6160816359375 0.508321584375 0.64873026875
6 0.5041752296875 0.48411469687500003 0.542833809375 0.302240378125 0.4304996703125 0.27836301875 0.391841090625 0.4602373390625 0.5041752296875 0.48411469687500003
6 0.2221682015625 0.5407829765625001 0.2593649015625 0.3657862578125 0.147794940625 0.3420713296875 0.11059824062500001 0.51706805 0.2221682015625 0.5407829765625001
6 0 0.6149626125000001 0.030887925 0.6215280437499999 0.0690592109375 0.44194625781249997 0.004104096874999999 0.4281396234375 0 0.44744788125 0 0.6149626125000001
6 0 0.9048920171875 0.0720327625 0.920203053125 0.0795045875 0.8850508734375 0 0.8681516515625001 0 0.9048920171875
6 0.2538255640625 0.8765778359375 0.23709516874999997 0.95528815 0.4327246890625 0.9968704890625 0.4494550828125 0.9181601734375 0.2538255640625 0.8765778359375
6 1 0.5280053296875 0.9430936359375 0.5159095078125 0.9159676578125 0.643527203125 0.9778660609375001 0.6566841140624999 1 0.5525521171875 1 0.5280053296875
6 0.7730686546875 0.218593509375 0.799544909375 0.094032525 0.5809900546875 0.04757725625 0.5545138 0.172138240625 0.7730686546875 0.218593509375
6 0.5625804578125 0.26570377343749996 0.5921429015624999 0.1266234125 0.455355071875 0.09754826093749999 0.4257926296875 0.2366286234375 0.5625804578125 0.26570377343749996
6 0.6632791250000001 0.4795955015625 0.698851515625 0.31224056093749997 0.5765830656250001 0.2862515984375 0.541010675 0.45360654062499994 0.6632791250000001 0.4795955015625
6 0.6772672953125001 0.5903937640625 0.7047181359375 0.4612477140625 0.5587601734375001 0.430223390625 0.5313093328125 0.559369440625 0.6772672953125001 0.5903937640625
6 0.683237390625 0.76897494375 0.7139368515625 0.6245453375000001 0.5603371109374999 0.5918967046875 0.5296376515625 0.7363263109375 0.683237390625 0.76897494375
6 0.6106705812500001 0.9037066671874999 0.6477048515625 0.7294741250000001 0.508624490625 0.6999116828124999 0.47159022031250003 0.8741442234375001 0.6106705812500001 0.9037066671874999
6 0.49540862187499995 0.7921482906249999 0.525133496875 0.65230375 0.309635353125 0.6064982062500001 0.2799104796875 0.7463427453125 0.49540862187499995 0.7921482906249999