0 0.665038240625 0.8778649359375 0.6705185515625 0.7209293453125001 0.50733676875 0.7152309125 0.5018564578125 0.872166503125 0.665038240625 0.8778649359375
0 0.8399217171875 0.9066420624999999 0.8454292953125 0.748925696875 0.6822475109374999 0.7432272640625001 0.676739934375 0.9009436281250001 0.8399217171875 0.9066420624999999
0 0.8107034390625 0.7359871499999999 0.816211015625 0.5782707859375 0.6530292328125 0.5725723515625 0.64752165625 0.7302887171875 0.8107034390625 0.7359871499999999
0 0.8671489093750001 1 0.8705082328125 0.9038015359375 0.7073264499999999 0.898103103125 0.70376813125 1 0.8671489093750001 1
0 0.8174131078125001 0.9691758671875 0.9837179875000001 0.9749833609375 0.9929336359375001 0.7110817203125 0.8266287562500001 0.7052742265624999 0.8174131078125001 0.9691758671875
0 0.9479635171874999 0.7900291296875 0.9538255421875 0.6221627015625 0.7906437578125 0.6164642671875 0.7847817328125 0.7843306953125 0.9479635171874999 0.7900291296875
0 0.9188716796874999 0.39189630625 0.92437925625 0.2341799421875 0.7611974734375 0.22848150937499997 0.755689896875 0.3861978734375 0.9188716796874999 0.39189630625
0 0.56354510625 0.4263916015625 0.5690254171875 0.2694560109375 0.40584363437500004 0.263757578125 0.400363321875 0.42069316875 0.56354510625 0.4263916015625
0 1 0.0171556125 0.93672543125 0.014946015625 0.9321176078125 0.1468968359375 1 0.149267340625 1 0.0171556125
0 0.8041202125 0.2753205234375 0.8133631265625001 0.010638109375 0.6665775984375 0.0055122453125 0.657334684375 0.270194659375 0.8041202125 0.2753205234375
0 0.1781912109375 0 0.1682057421875 0.2859464015625 0.4500651875 0.29578915 0.460394371875 0 0.1781912109375 0