3 0.57176836875 0.9248061468750001 0.5311256906249999 0.7731256078125 0.38850070625 0.8113418578125 0.429143384375 0.963022396875 0.57176836875 0.9248061468750001
6 0.50756706875 0 0.5493593984375 0.155971096875 0.7380167859375 0.1054205015625 0.7097694484375 0 0.50756706875 0
6 0.38758249375 0.6328409890625 0.343502375 0.468331746875 0.1955949828125 0.5079634125 0.2396751015625 0.6724726546875 0.38758249375 0.6328409890625
6 0.3660095625 0.184070490625 0.3275911109375 0.040690875 0.1925124203125 0.0768851015625 0.23093087343750002 0.220264715625 0.3660095625 0.184070490625
3 1 0.44624782500000004 0.99794040625 0.43856131718749997 0.8387135718750001 0.48122601875 0.877334225 0.6253602640625 1 0.5924920671875 1 0.44624782500000004
3 0.2851040546875 1 0.3638408375 0.9789025421875 0.3171320890625 0.804583115625 0.16469691875 0.845427996875 0.2061143625 1 0.2851040546875 1
3 0.3679610828125 0.46905734062500004 0.32428537031250004 0.3060573578125 0.180151125 0.3446780125 0.2238268390625 0.5076779953125 0.3679610828125 0.46905734062500004
3 0.4341737484375 0 0.2445673421875 0.050804884375000005 0.268831628125 0.1413604296875 0.46880845937500004 0.0877768 0.44528873593749996 0 0.4341737484375 0
3 0.41019415156249994 0.3097288828125 0.372180103125 0.1678585265625 0.23483752500000002 0.20465936093749998 0.2728515734375 0.346529715625 0.41019415156249994 0.3097288828125
4 0.656704759375 0.7467560828125 0.6134334499999999 0.585265359375 0.431567728125 0.6339961328125 0.47483903749999995 0.7954868562499999 0.656704759375 0.7467560828125
8 0.5357869734375 0.7573180500000001 0.4860451875 0.5716791796875 0.289086875 0.6244540015625 0.3388286609375 0.8100928703125 0.5357869734375 0.7573180500000001
4 0.134336484375 0.5389361484374999 0.0022763124999999997 0.574321565625 0.043930003125 0.7297752531249999 0.175990175 0.6943898359375 0.134336484375 0.5389361484374999