6 0.5548642484374999 0 0.4669537640625 0.021918545312500003 0.5128811234375 0.20612312500000002 0.6690380921875 0.16718882031249999 0.6273532375 0 0.5548642484374999 0
6 0.7924124515625001 0 0.8079938875 0.062493728125 0.9004752 0.0394355484375 0.8906428140625 0 0.7924124515625001 0
6 0.3636612015625 0.9607315359375 0.5599944781249999 0.911780153125 0.5167131390625 0.7381881828125 0.3203798625 0.7871395671875 0.3636612015625 0.9607315359375
6 0.2868247203125 0.8140246421875 0.42175646875000006 0.780382378125 0.38206615781250003 0.6211932359375 0.247134409375 0.6548355 0.2868247203125 0.8140246421875
6 0 0.4370601140625 0.0769408875 0.41787659687499995 0.0368725734375 0.2571713671875 0 0.26636473125000004 0 0.4370601140625
6 0.6227312406250001 0.8824502843750001 0.800113428125 0.8382239374999999 0.7521070515625 0.6456808796875 0.5747248640625 0.689907225 0.6227312406250001 0.8824502843750001
6 0.6891170765625 0.1766755703125 0.8111620859374999 0.1462463328125 0.7773308203125 0.0105565390625 0.6552858109375 0.040985778125 0.6891170765625 0.1766755703125
6 0.41663916562500003 0.7824634328125 0.5583933078125 0.7471201546875 0.5207820125 0.5962694921875 0.37902787187500003 0.6316127687499999 0.41663916562500003 0.7824634328125
3 0.7784511140625 0.935413984375 0.930059821875 0.8976136890624999 0.8947165453125001 0.755859546875 0.7431078375 0.79365984375 0.7784511140625 0.935413984375
3 1 0.7867762828125 0.9058615187499999 0.8102476421875 0.9302427109375 0.908035259375 1 0.8906428140625 1 0.7867762828125
3 0.1179485921875 0.29170819375 0.277895778125 0.25182888124999997 0.2331024265625 0.0721725640625 0.07315524062499999 0.1120518765625 0.1179485921875 0.29170819375
4 0.58325234375 0.688586253125 0.7666988796875 0.6428478937500001 0.7228505359375 0.46698179375000004 0.539404 0.512720153125 0.58325234375 0.688586253125
6 1 0.43860771718749997 0.9609556734375 0.2820094796875 0.8320882718749999 0.31413973125 0.8772596265624999 0.4953121359375 1 0.46470952343749994 1 0.43860771718749997
6 0.3934266234375 0.6344640921875 0.52153598125 0.6025228406250001 0.49375276250000005 0.49109044218750003 0.3656434046875 0.5230316921875 0.3934266234375 0.6344640921875
3 0.218137715625 0.6644806875 0.3879394671875 0.62214435625 0.3490051625 0.46598738749999996 0.1792034109375 0.50832371875 0.218137715625 0.6644806875