6 0.618606078125 0.650089428125 0.8308047453125 0.6836983953125 0.8677135015624999 0.450665678125 0.655514834375 0.41705671093749996 0.618606078125 0.650089428125
1 0.138764025 0.7631361359375 0.3069796953125 0.78977888125 0.3375333015625 0.5968710015625 0.16931763125 0.57022825625 0.138764025 0.7631361359375
1 0.0855067671875 0.27536205625 0.0307209296875 0.2666848328125 0.007866831250000001 0.4109799265625 0.06265266875 0.41965715000000003 0.0855067671875 0.27536205625
1 0.466299984375 0.73274994375 0.6453184953125 0.7611036906249999 0.6714723828125 0.5959745468750001 0.4924538703125 0.5676208 0.466299984375 0.73274994375
1 0.8648188625 0.728635121875 0.9674458546875 0.7448896406250001 0.9954329578125 0.5681860234375 0.8928059656249999 0.5519315046875 0.8648188625 0.728635121875
6 0 0.8787900515624999 0.1514505015625 0.9027774546874999 0.1801708921875 0.7214440484375 0.0273878515625 0.6972455921875 0 0.870165678125 0 0.8787900515624999
6 0.0255737265625 0.583846925 0.21848160625 0.61440053125 0.24976849843750001 0.41686286250000004 0.0568606203125 0.38630925625 0.0255737265625 0.583846925
6 0.0729596578125 0 0.0535750265625 0.12238973906249999 0.1137622859375 0.1319224640625 0.1346567515625 0 0.0729596578125 0
1 0.795736271875 1 0.7965799734375001 0.9946730765625 0.627592671875 0.9679081171874999 0.6225098171875 1 0.795736271875 1
6 0.246226565625 0.26443210625 0.40132450000000003 0.28899720625 0.424545240625 0.14238721875 0.26944730625 0.11782211875 0.246226565625 0.26443210625
3 0.16432593125 0.47689200937500004 0.3333132328125 0.50365696875 0.35775611875 0.34933066562500004 0.1887688171875 0.32256570625 0.16432593125 0.47689200937500004