6 0.8307398625 0.76885705625 0.9729254140625001 0.7838013609375001 0.9924428390625 0.598105475 0.8502572859375 0.5831611718749999 0.8307398625 0.76885705625
6 0.9502020218749999 1 0.9517747328124999 0.98503665 0.902825609375 0.979891890625 0.9007121625 1 0.9502020218749999 1
6 0.638772134375 0.6520573734374999 0.77163404375 0.6660217234375 0.791968096875 0.4725561359375 0.6591061875 0.45859178749999996 0.638772134375 0.6520573734374999
6 0.7738901046875 0.45023167500000005 0.9067520140625 0.464196025 0.920471375 0.33366502656249997 0.787609465625 0.3197006765625 0.7738901046875 0.45023167500000005
6 0.6099026890625 0.39607489687499997 0.7427646 0.4100392453125 0.762772 0.2196815390625 0.6299100906249999 0.205717190625 0.6099026890625 0.39607489687499997
6 1 0.049797978124999996 0.9384184359375001 0.043325495312500004 0.927230625 0.149770415625 1 0.1574187859375 1 0.049797978124999996
6 0.044415265625 0.23059007187499997 0.177277175 0.24455442187499998 0.19728457500000002 0.0541967140625 0.064422665625 0.040232365625 0.044415265625 0.23059007187499997
6 0.1377197296875 0.6732366578125 0.32263864375 0.6926724203125 0.33725629687500003 0.5535947484375 0.15233738125000001 0.5341589875 0.1377197296875 0.6732366578125
6 0.185073134375 0.9327329859375 0.31793504375000003 0.946697334375 0.33965736406249997 0.7400232531250001 0.2067954546875 0.726058903125 0.185073134375 0.9327329859375
6 0.3493217359375 0.8274498875 0.542010353125 0.8477022765625 0.558342925 0.69230823125 0.36565430781249997 0.672055840625 0.3493217359375 0.8274498875
6 0 0.6634750515625 0.0929424484375 0.673243696875 0.10527354062500001 0.5559211921875 0 0.544856496875 0 0.6634750515625