6 0.7942706828125 0.7889551828125 0.9489115640625 0.7503988796875001 0.9160253062500001 0.6184993046875 0.7613844249999999 0.6570556078124999 0.7942706828125 0.7889551828125
4 0 0.5613922796875 0.0072920781249999995 0.59063920625 0.1209986078125 0.5622889843750001 0.0862223359375 0.42280897343749996 0 0.44430661562499996 0 0.5613922796875
6 0.5697191328125 0.815150996875 0.6126224687499999 0.9872268796875 0.8241166156249999 0.934495465625 0.7812132796875 0.7624195828125 0.5697191328125 0.815150996875
6 0.157106040625 0.6941905968750001 0.295069965625 0.659792328125 0.255190653125 0.4998451421875 0.11722672812499998 0.5342434109374999 0.157106040625 0.6941905968750001
6 0.4199275828125 0.6761666734375 0.5988258578125001 0.631562325 0.5502524765625 0.4367451359375 0.3713542015625 0.4813494859375 0.4199275828125 0.6761666734375
6 0.5287424890625 0.5926743875 0.7152211984375 0.5461800234374999 0.6692938390625 0.36197544375 0.48281512812500005 0.408469809375 0.5287424890625 0.5926743875
6 1 0.43860771718749997 0.9955429453125 0.42073144687499997 0.853788803125 0.45607472343750005 0.88932108125 0.5985869078125 1 0.5709915546875 1 0.43860771718749997
6 0.733156459375 0.35007853906249997 0.952989084375 0.295268109375 0.9038487 0.098176790625 0.684016075 0.1529872203125 0.733156459375 0.35007853906249997
6 0.5806535578124999 0 0.6022023875 0.0864276375 0.772004140625 0.044091306250000004 0.76101094375 0 0.5806535578124999 0
6 0.7988537859375 0 0.8148142421875001 0.064013890625 0.90123120625 0.042467721874999996 0.8906428140625 0 0.7988537859375 0
3 1 0.43860772187499997 0.9637906953125001 0.29338013281249997 0.9084535171875 0.307177240625 0.947765825 0.464850296875 1 0.45182685312500004 1 0.43860772187499997
3 1 0.6716374171874999 0.838658 0.7118644953125 0.882128340625 0.886214509375 1 0.8568258046875 1 0.6716374171874999