6 0.717751653125 0.1765785578125 0.8778103406250001 0.170989184375 0.8729298640625001 0.0312306234375 0.7128711765625 0.036819996875 0.717751653125 0.1765785578125
6 0.8202264015624999 0.24570059687499998 0.9912159265625 0.2397295109375 0.987453325 0.1319826875 0.8164638 0.13795377343749998 0.8202264015624999 0.24570059687499998
6 0.10562480468749999 0.444198253125 0.2063446609375 0.4406810375 0.19993733125 0.257199128125 0.099217475 0.26071634375 0.10562480468749999 0.444198253125
6 0.19559476250000002 0.42385845624999996 0.29709539375 0.4203139765625 0.2924875703125 0.28836315625000003 0.1909869390625 0.2919076359375 0.19559476250000002 0.42385845624999996
4 0.5767612140625 0.2581112203125 0.681384940625 0.2544576796875 0.676259078125 0.10767215156250001 0.57163535 0.11132569218749999 0.5767612140625 0.2581112203125
6 1 0.491272475 0.9979231734375 0.43179993593750005 0.925311184375 0.43433560312499997 0.9304643125000001 0.5819019046875 1 0.5794736640625 1 0.491272475
6 0.5218939484375 0.8807178359375 0.68585650625 0.8749921359374999 0.6780859140625 0.6524715234375 0.51412335625 0.658197221875 0.5218939484375 0.8807178359375
6 0.125369740625 0.651447915625 0.0051305328125 0.6556467609375 0.0100655390625 0.7969668703125 0.1303047484375 0.792768025 0.125369740625 0.651447915625
6 0.0514118375 0.5930559375 0.00300384375 0.5947463828124999 0.007148159375 0.71342404375 0.055556153124999993 0.7117335984375 0.0514118375 0.5930559375
6 0.025029110937499998 0.5986676 0.1398029 0.5946596109375 0.13372275312499998 0.420546990625 0.0189489640625 0.4245549796875 0.025029110937499998 0.5986676
6 0.10630398125 0.6427329921875 0.26402034531249996 0.637225415625 0.2583764421875 0.4756051796875 0.100660078125 0.48111275625000005 0.10630398125 0.6427329921875
6 0.1779022140625 0.7230957046875 0.2825259421875 0.7194421640625001 0.2777272609375 0.582025925 0.17310353437499998 0.585679465625 0.1779022140625 0.7230957046875
6 0 0.444759846875 0.1148850328125 0.44074797343750005 0.1090502734375 0.27366232031250004 0 0.2774704390625 0 0.444759846875
6 0 0.293886690625 0.11352671249999999 0.28992225 0.1105275375 0.2040371 0 0.20789680625 0 0.293886690625
6 0.19323754843750002 0.2668138046875 0.37047326406250003 0.260624596875 0.36632895 0.14194693593750002 0.18909323281249998 0.14813614375 0.19323754843750002 0.2668138046875
6 0 0.1672470453125 0.12082135624999998 0.16302786875 0.11632259375000001 0.0342001453125 0 0.03826221875 0 0.1672470453125
6 0.11169994218749998 0.2376103859375 0.21398134687499998 0.234038640625 0.20833744531249998 0.07241840468750001 0.10605603906250001 0.07599015 0.11169994218749998 0.2376103859375
6 0.2939945546875 0.0405033234375 0.29282215 0.0069300375 0.150721265625 0.011892309375 0.1518936703125 0.0454655953125 0.2939945546875 0.0405033234375