6 0.8608454640625001 0 0.870487275 0.05468142031249999 0.927421471875 0.044642384375 0.919549815625 0 0.8608454640625001 0
6 0.8040749890625 0.20442625312499998 0.9510267718750001 0.1785146890625 0.92402990625 0.0254078578125 0.777078125 0.05131942187500001 0.8040749890625 0.20442625312499998
6 0.6683024390625001 0.874114478125 0.8414131765624999 0.8435903843749999 0.811160409375 0.6720184078125 0.6380496703125 0.7025425015625 0.6683024390625001 0.874114478125
6 0.16311294999999998 0.802946003125 0.3085259703125 0.7773057640625 0.27488163593750004 0.5864992625000001 0.129468615625 0.6121395 0.16311294999999998 0.802946003125
6 0.038726245312500004 0.632899640625 0.233379653125 0.59857699375 0.1989213421875 0.40315420468749996 0.0042679359375 0.437476853125 0.038726245312500004 0.632899640625
6 0.528451909375 0 0.534143359375 0.0322778171875 0.6880195703124999 0.0051452890625 0.6871123171875 0 0.528451909375 0
6 0.8053879296875 0.8507359093750001 0.8230240734375001 0.9507554468749999 0.9992123359375 0.9196887015625 0.9815761921874999 0.8196691640625 0.8053879296875 0.8507359093750001
3 0.3842848671875 1 0.354906171875 0.8333851484375 0.1525589546875 0.869064421875 0.1756464296875 1 0.3842848671875 1
3 0 0.3422398578125 0.1071068203125 0.3233540359375 0.07658272656250001 0.1502432984375 0 0.1637468984375 0 0.3422398578125
3 0.6482938671875 0.26124684375 0.78985998125 0.23628491718750003 0.7625917906249999 0.081639325 0.6210256765625 0.1066012515625 0.6482938671875 0.26124684375
3 0.845080309375 0.5089636109375 0.98126075625 0.4849513234375 0.95643449375 0.344154590625 0.8202540468749999 0.3681668765625 0.845080309375 0.5089636109375