6 0.2176991359375 0.1047348140625 0.20698178750000001 0.0439537109375 0.026177239062500003 0.07583443125 0.0368945875 0.13661553437500001 0.2176991359375 0.1047348140625
6 0.38485901718750004 0.233920425 0.5702798515625 0.20122572968750002 0.53799214375 0.0181130375 0.3525713078125 0.050807734375000004 0.38485901718750004 0.233920425
6 0.9367577765625 0.273053734375 0.9667636375 0.26776289062499997 0.9365108687499999 0.096190915625 0.9065050078124999 0.10148175781249999 0.9367577765625 0.273053734375
6 1 0.5057451015625001 0.995472009375 0.48006559062500004 0.8138980796874999 0.5120819734375 0.843336871875 0.6790376625000001 1 0.6514137265625 1 0.5057451015625001
6 1 0.78018650625 0.9752653046875001 0.6399090796875 0.829082903125 0.66568498125 0.8563510937500001 0.8203305734375 1 0.7950013953124999 1 0.78018650625
6 0.6584342703125 0.8901339390624999 0.799231003125 0.8653076765625001 0.7719628125 0.7106620828125 0.6311660796874999 0.735488346875 0.6584342703125 0.8901339390624999
1 0.3272863734375 0.9286916968750001 0.48424010937500006 0.90101651875 0.45195240156249994 0.7179038265625 0.294998665625 0.7455790046875 0.3272863734375 0.9286916968750001
6 0.5260523765625 0.9356888953125001 0.6660797296875 0.9109982953125 0.6408464781250001 0.7678934187500001 0.5008191265625 0.7925840187500001 0.5260523765625 0.9356888953125001
6 0.034520703125 0.6090488281249999 0.012208653125 0.6129830453125 0.03961250625 0.7683980187499999 0.06192455625 0.7644638015624999 0.034520703125 0.6090488281249999
6 0.0793489953125 0.7598047984375 0.03934118125 0.76685925625 0.0720358765625 0.952280090625 0.11204369218750002 0.945225634375 0.0793489953125 0.7598047984375
4 0.5437443281250001 1 0.6814579593750001 0.975717371875 0.669383984375 0.9072424578125 0.5278178687499999 0.9322043828125001 0.539772065625 1 0.5437443281250001 1
4 0.5324918984375 0.8417370953125 0.70098635 0.812026978125 0.6659853890625 0.6135266640625 0.4974909375 0.6432367828125 0.5324918984375 0.8417370953125
3 0.3856945625 0.7335533812499999 0.571884778125 0.7007230234375 0.5367481546875 0.5014533296875 0.3505579390625 0.5342836875 0.3856945625 0.7335533812499999