6 1 0.080450184375 0.9576657578125 0.072985515625 0.9362310609375 0.194547721875 1 0.20579190625 1 0.080450184375
6 0.0904437640625 0.2897496296875 0.031201421875000003 0.2793036078125 0.005696846875 0.4239472453125 0.0649391875 0.43439326874999995 0.0904437640625 0.2897496296875
6 0 0.6117486234375 0.051886006250000005 0.6208975265625 0.073863353125 0.49625779531249997 0 0.48323369375 0 0.6117486234375
6 0.1819968375 0.6073476828125 0.20831538906249997 0.45808775781250005 0.031357746874999995 0.42688535156249996 0.0050391953125 0.5761452765625 0.1819968375 0.6073476828125
6 0.2835457453125 0.557822821875 0.309185984375 0.4124098015625 0.1514628671875 0.3845989609375 0.1258226296875 0.53001198125 0.2835457453125 0.557822821875
6 0.94691320625 0.20595089687499998 0.9640066984375 0.109008884375 0.7893571984375 0.078213465625 0.77226370625 0.175155478125 0.94691320625 0.20595089687499998
6 1 0.284328809375 0.8604805953125 0.2597277734375 0.83578999375 0.399755125 1 0.42870978125 1 0.284328809375
6 0.76568664375 0.06848659375 0.7707061609375 0.04001949375 0.59220975625 0.0085457625 0.5871902390625 0.037012860937499996 0.76568664375 0.06848659375
6 0.7342316953125 0.38184765781249996 0.7628565109375 0.21950825468750002 0.6012864890625 0.1910191 0.5726616734375 0.353358503125 0.7342316953125 0.38184765781249996
6 0.548439559375 0.6077039562500001 0.5765217265625 0.448442078125 0.368788840625 0.41181316562500003 0.34070667499999996 0.57107504375 0.548439559375 0.6077039562500001
6 0.08892330000000001 0.095915834375 0.06430310624999999 0.09157462968749999 0.03893419375 0.23544888749999998 0.0635543875 0.23979009218749997 0.08892330000000001 0.095915834375
6 0.8364988453125 0.9401188046875 0.9272858093749999 0.956126996875 0.9527903859375 0.8114833578124999 0.862003421875 0.795475165625 0.8364988453125 0.9401188046875
6 0.7286066328125 0.6117067015625001 0.754111209375 0.4670630625 0.5263744171875 0.426906921875 0.500869840625 0.571550559375 0.7286066328125 0.6117067015625001