6 0.22896645468750002 1 0.217796903125 0.951619359375 0.0975230984375 0.9793867546874999 0.10228204062499999 1 0.22896645468750002 1
6 0.41171385781250003 0.0689690140625 0.3981816453125 0.010354565625000001 0.2550710421875 0.0433942515625 0.2686032546875 0.1020087 0.41171385781250003 0.0689690140625
6 0.4567279125 0 0.4739606546875 0.07464321093750001 0.5972793671875001 0.04617284375 0.5866195265624999 0 0.4567279125 0
6 0.550136675 0.0017323859375 0.4024587109375 0.035826529687500004 0.4428796046875 0.21090865 0.5905575671875 0.17681450625 0.550136675 0.0017323859375
6 0.5103879203125 0.12476472031250001 0.366516090625 0.15798015 0.40254340781250003 0.3140316046875 0.5464152375 0.2808161765625 0.5103879203125 0.12476472031250001
6 0.1898498484375 0.788891628125 0.0939352953125 0.811035246875 0.13382895781249998 0.9838336875 0.22974351093749998 0.96169006875 0.1898498484375 0.788891628125
6 0.45427227812500004 1 0.4174663984375 0.8405762171875001 0.2789231546875 0.8725614453125001 0.30834466250000003 1 0.45427227812500004 1
6 0.042210553125 0.611301621875 0.01404516875 0.6178041140625 0.054817546875 0.7944086875 0.08298293125 0.7879061968750001 0.042210553125 0.611301621875
6 0.3573622890625 0.580236715625 0.1967434734375 0.617318490625 0.2336495046875 0.7771760796875 0.39426832031250003 0.7400943046874999 0.3573622890625 0.580236715625
6 0.5626408703125 0.3372052 0.40506696093750005 0.373584003125 0.4525175734375 0.5791151890624999 0.6100914828125 0.5427363859375001 0.5626408703125 0.3372052
6 0.2173049015625 0.0777708546875 0.211681125 0.053411603125 0.0693317484375 0.086275546875 0.074955525 0.11063479843749999 0.2173049015625 0.0777708546875
6 0.8140160234374999 0.8460433328124999 0.8347536984374999 0.9358680734375 0.9778643015625 0.9028283874999999 0.9571266265625 0.8130036468749999 0.8140160234374999 0.8460433328124999
6 0.5714980265625 0.49712398125 0.4283874234375 0.5301636671875001 0.4804073546875 0.7554867453125 0.6235179578125 0.722447059375 0.5714980265625 0.49712398125