6 0.817512640625 0.3500775578125 0.9563140171875 0.3671202234375 0.9733566828125 0.2283188484375 0.8345553062500001 0.21127618125 0.817512640625 0.3500775578125
6 0.7410153015625001 0.242295234375 0.8619818640625001 0.2571480609375 0.8839754718749999 0.078024496875 0.7630089109375 0.0631716703125 0.7410153015625001 0.242295234375
6 1 0.058424484374999995 0.8779889734375 0.043443414062500005 0.8592325203125 0.1962024703125 1 0.21348654374999998 1 0.058424484374999995
6 0.2354774953125 0.7760706046875 0.40529593906250005 0.7969216875 0.426432653125 0.6247769640625 0.2566142109375 0.60392588125 0.2354774953125 0.7760706046875
6 0 0.9226847062499999 0.018838048437499998 0.924997728125 0.038070553125 0.7683615374999999 0 0.7636870609375 0 0.9226847062499999
6 0.6042173156249999 0.3884317828125 0.746895825 0.40595050156249995 0.7710792718749999 0.20899212500000003 0.6284007625 0.19147340625 0.6042173156249999 0.3884317828125
6 0.5053572859375 0.379441765625 0.6340781140625 0.395246696875 0.6513112015625 0.25489446718750003 0.522590371875 0.2390895375 0.5053572859375 0.379441765625
6 0.464651278125 0.24299515 0.6096560671875 0.2607994984375 0.62793646875 0.11191757656250001 0.4829316796875 0.0941132265625 0.464651278125 0.24299515
6 1 0.1796405109375 0.95870405 0.17457000625000002 0.9329972359375001 0.38393520937500003 1 0.39216211562500003 1 0.1796405109375
6 0.7752617359375 0.48263528281249995 0.9349996328125 0.50224863125 0.9566123984375 0.3262267734375 0.7968745015625001 0.3066134265625 0.7752617359375 0.48263528281249995
6 0.20427084843749999 0.19685634531250001 0.327563690625 0.211994803125 0.3476530890625 0.0483797734375 0.22436024687499997 0.033241315625000004 0.20427084843749999 0.19685634531250001