6 0.44168786718749997 0.516645221875 0.5885404984375 0.5140819 0.5857590203124999 0.3547311734375 0.438906390625 0.3572944953125 0.44168786718749997 0.516645221875
1 0.7992255375 0.6768359765625 0.909365009375 0.6749134859375 0.9060654140625 0.48587978125 0.795925940625 0.48780227187499997 0.7992255375 0.6768359765625
1 0.6578971359375 0.81682381875 0.83755726875 0.8136878390625 0.8346939843750001 0.6496503265625 0.6550338515624999 0.65278630625 0.6578971359375 0.81682381875
1 0.5081675859375 0.654568496875 0.676110753125 0.6516370390625 0.672483925 0.4438561890625 0.5045407578125001 0.4467876484375 0.5081675859375 0.654568496875
1 0.2421036484375 0.8107982484375 0.390518540625 0.8082076562499999 0.38695988593749997 0.6043324625000001 0.23854499375 0.6069230546875 0.2421036484375 0.8107982484375
1 0.515582121875 0.184054934375 0.6936799921875 0.180946225 0.690530378125 0.0005049609375 0.5124325078124999 0.0036136703125 0.515582121875 0.184054934375
1 0.49563658125 0 0.41706635 0.0013714484375000001 0.418088953125 0.0599562734375 0.579783071875 0.0571338921875 0.578785796875 0 0.49563658125 0
1 0.4809748390625 0.0815182984375 0.47955683125000004 0.00028067343750000004 0.3006778296875 0.0034030171875000003 0.3020958375 0.0846406421875 0.4809748390625 0.0815182984375
1 0.3820923 0.325468690625 0.49691855937499996 0.323464390625 0.4936462328125 0.1359929484375 0.378819975 0.1379972484375 0.3820923 0.325468690625
1 0.221438371875 0.3431189265625 0.403441896875 0.33994204375 0.40111036406249995 0.206368640625 0.2191068390625 0.20954552343750002 0.221438371875 0.3431189265625
1 0 0.46575223593750004 0.08993744218750001 0.4641823734375 0.08706052187499999 0.29936372968749997 0 0.300883378125 0 0.46575223593750004
1 0.047900215625 0.69698273125 0.2158433828125 0.694051271875 0.2130073671875 0.5315760218750001 0.0450642 0.5345074796875 0.047900215625 0.69698273125
1 0.0548780359375 0.514801953125 0.0001988640625 0.5157563828125 0.003471190625 0.703227825 0.0581503609375 0.702273396875 0.0548780359375 0.514801953125
1 0.12935026875 0.6182054828125 0.0020259140625 0.6204279374999999 0.0051073546875 0.796963546875 0.13243170937499998 0.7947410921875 0.12935026875 0.6182054828125
1 0.0223115984375 0.8873020500000001 0.18400571875 0.8844796687500001 0.18121060625000002 0.7243478109375 0.0195164859375 0.7271701921875 0.0223115984375 0.8873020500000001