3 0.40217521093749997 0.8826897296875 0.36834394531250003 0.7469999359374999 0.22583176093750001 0.7825322140625001 0.259663025 0.9182220078125001 0.40217521093749997 0.8826897296875
3 0.2653422140625 0.3274238578125 0.22319488281250002 0.15838014843749998 0.0685540015625 0.1969364515625 0.11070133124999999 0.365980159375 0.2653422140625 0.3274238578125
3 0.278332375 0.46025825156250005 0.245257115625 0.32760063281249996 0.0731812328125 0.37050397031250004 0.1062564921875 0.5031615890625 0.278332375 0.46025825156250005
3 0.6304578875 0.948963 0.590956578125 0.7905319015625001 0.45375069687499997 0.8247411703124999 0.49325200625 0.98317226875 0.6304578875 0.948963
3 0.5490548046875 0.8323806953125 0.5078524828125001 0.6671272046875 0.3388087734375 0.709274534375 0.380011096875 0.8745280265625001 0.5490548046875 0.8323806953125
3 0.283983584375 0.812317515625 0.244860278125 0.655402503125 0.087945265625 0.6945258109375 0.1270685734375 0.851440821875 0.283983584375 0.812317515625
3 0.375394053125 0.6848546296875 0.3328687203125 0.514294834375 0.18353414375 0.551528125 0.2260594765625 0.722087921875 0.375394053125 0.6848546296875
3 0.9420285406250001 0.5484077859375 0.9095202859375 0.418024296875 0.7624598390624999 0.45469058437500004 0.79496809375 0.5850740734375 0.9420285406250001 0.5484077859375
6 0.6072091640624999 0.55861744375 0.5601477953125 0.3698646046875 0.36836277968750003 0.41768197812499996 0.41542414843750003 0.60643481875 0.6072091640624999 0.55861744375
6 0.493421796875 1 0.48530375625 0.9674403187499999 0.35471400468750003 1 0.493421796875 1
6 0 0.550588646875 0.052801178125 0.537423834375 0.017079898437499998 0.39415360625 0 0.398412103125 0 0.550588646875