6 0.9396301812500001 1 0.9485234312499999 0.8728205859375 0.7996681703124999 0.8624116109375001 0.790047053125 1 0.9396301812500001 1
6 0.030600235937499998 0.9073110171875 0.21452610781249998 0.9201723671875 0.22351815312499998 0.7915801265625 0.03959228125 0.7787187765625 0.030600235937499998 0.9073110171875
6 0.3989371140625 0.959695003125 0.5298673953125 0.968850540625 0.5427287453125 0.78492466875 0.4117984640625 0.77576913125 0.3989371140625 0.959695003125
6 0.08756842031249999 0.7758083328125001 0.25590735468750003 0.7875797375 0.2639184484375 0.673015740625 0.095579515625 0.6612443359375 0.08756842031249999 0.7758083328125001
6 0 0.7469733781250001 0.136689003125 0.7565316046875 0.1513487609375 0.546887284375 0.000155459375 0.53631481875 0 0.5385379921875 0 0.7469733781250001
6 0 0.6968512828125 0.0100258921875 0.6975523609375001 0.0234867109375 0.5050536734375 0 0.5034113234375 0 0.6968512828125
6 0.3264335828125 0.193395746875 0.49399316875 0.205112653125 0.5052740984375 0.043787842187499995 0.3377145125 0.032070934375 0.3264335828125 0.193395746875
6 0.686759728125 0.47233531093750003 0.8278215203125001 0.48219931093749996 0.8393749359375 0.316977765625 0.69831314375 0.3071137640625 0.686759728125 0.47233531093750003
6 0.45563815312499995 0.7984136453125 0.652033575 0.81214695 0.6612981078125 0.679657975 0.464902684375 0.66592466875 0.45563815312499995 0.7984136453125
6 0.9662575421874999 1 0.9674461093750001 0.9830027125 0.784299584375 0.970195859375 0.7822154765625 1 0.9662575421874999 1
6 0.7430084046875 0.3063233734375 0.8801734625 0.3159148875 0.8923808453125 0.14134117968749998 0.7552157875 0.1317496640625 0.7430084046875 0.3063233734375