6 0 0.54374433125 0.017092507812499998 0.6406807625 0.08556742187500001 0.6286067875 0.052737064062500005 0.44241657187500005 0 0.45171553906249995 0 0.54374433125
6 0 0.3438264625 0.07429475937499999 0.33072629062500003 0.04702656875 0.17608069843750002 0 0.1843727515625 0 0.3438264625
6 0.20180546093750001 0.49149548593750003 0.17345197031249998 0.3306948453125 0.0195757578125 0.357827371875 0.04792925 0.5186280125 0.20180546093750001 0.49149548593750003
6 0.270434821875 0.3453262328125 0.241131690625 0.179139925 0.067251571875 0.20979968124999998 0.096554703125 0.3759859890625 0.270434821875 0.3453262328125
6 0.3140679609375 0.62877438125 0.28422218125 0.45951054999999996 0.11880525312500001 0.48867801718750004 0.148651034375 0.65794185 0.3140679609375 0.62877438125
6 0.2989328828125 0.76789105625 0.2753275828125 0.6340187515625 0.148379709375 0.6564030875 0.17198500781249998 0.790275390625 0.2989328828125 0.76789105625
3 0.270185065625 0.838804140625 0.24847904375000002 0.715703171875 0.087678403125 0.7440566625 0.10938442500000001 0.8671576328124999 0.270185065625 0.838804140625
6 0.558959746875 0.568934009375 0.5310132421875 0.4104415125 0.3725207453125 0.438388015625 0.4004672484375 0.5968805140625 0.558959746875 0.568934009375
6 0.5685087234374999 0.2451696390625 0.5439537859375 0.1059116671875 0.399310146875 0.13141624375 0.42386508437500003 0.270674215625 0.5685087234374999 0.2451696390625
3 0.71170468125 0 0.736560984375 0.14096709999999998 0.8812046234375 0.1154625234375 0.860845465625 0 0.71170468125 0
6 1 0.474251828125 0.9923109296874999 0.4306449453125 0.829202146875 0.45940542500000003 0.8571486500000001 0.617897921875 1 0.592709375 1 0.474251828125
3 1 0.708201878125 0.9940872078125 0.6746687671875 0.8455966640625 0.7008516578124999 0.8719152156250001 0.8501115828125 1 0.827526778125 1 0.708201878125
6 0.5451160374999999 0.8593436703125 0.569128325 0.9955241171875 0.730698346875 0.9670349625 0.7066860593750001 0.830854515625 0.5451160374999999 0.8593436703125