6 0.1629338453125 0.087237084375 0.2021611078125 0.23363521718750002 0.376480534375 0.18692646875000002 0.337253271875 0.0405283359375 0.1629338453125 0.087237084375
6 0.43729885468749996 0.2086442953125 0.471673259375 0.33693131875 0.6218445406249999 0.29669304531249996 0.5874701359375 0.168406021875 0.43729885468749996 0.2086442953125
6 0.3851114703125 0.418359765625 0.42352992343749996 0.56173938125 0.5880391656249999 0.5176592624999999 0.5496207125 0.374279646875 0.3851114703125 0.418359765625
6 0.2561512265625 0.773203128125 0.30710622656250003 0.963369775 0.47991639375000006 0.9170654296875 0.42896139375000003 0.7268987828125 0.2561512265625 0.773203128125
6 0.57756819375 0.514803284375 0.6246813484375 0.69063196875 0.72957485625 0.6625258390625001 0.6824617015625 0.486697153125 0.57756819375 0.514803284375
6 0.6054954625 0.8906959046875 0.6301641515624999 0.9827607109375001 0.738076178125 0.9538457703125 0.7134074874999999 0.861780965625 0.6054954625 0.8906959046875
6 0.76311530625 0.8088301296875 0.7976919125 0.9378717828124999 0.94182615625 0.899251128125 0.9072495500000001 0.7702094749999999 0.76311530625 0.8088301296875
6 0.656303965625 0.1596677671875 0.6955312265625 0.3060659 0.8381562125 0.2678496515625 0.79892895 0.1214515171875 0.656303965625 0.1596677671875
6 0.64668230625 0 0.6862327640625 0.147604321875 0.8484781187499999 0.10413081093750001 0.8205763515625 0 0.64668230625 0
6 0.8537477828125001 0 0.8333632296875001 0.0054620250000000006 0.8824984078125 0.1888370046875 0.9307947000000001 0.175896053125 0.8836634953125 0 0.8537477828125001 0
6 0.43417374999999997 0 0.3887015859375 0.012184229687500001 0.418829740625 0.12462403281250001 0.52296861875 0.0967201046875 0.4970525453125 0 0.43417374999999997 0