0 0.5768899390625 0.478752346875 0.5930757109375 0.6105748828124999 0.7551398875 0.5906759046875 0.7389541140625 0.45885336875 0.5768899390625 0.478752346875
0 0.0491187796875 0.763947271875 0.028957685937499998 0.7664227421875001 0.047428509375 0.91685551875 0.067589603125 0.914380046875 0.0491187796875 0.763947271875
0 0.1012362953125 0.7268504796874999 0.11846938124999999 0.867202709375 0.27975813125000004 0.847398940625 0.26252504375 0.7070467109374999 0.1012362953125 0.7268504796874999
0 0.440963371875 1 0.42201456875 0.8456743875000001 0.2599503921875 0.8655733671875 0.2764559078125 1 0.440963371875 1
0 0.23080311875 1 0.22592484375000002 0.9602696390625001 0.059983534375 0.9806446703124999 0.0623600703125 1 0.23080311875 1
0 0.13953751875 1 0.22789677656250001 0.9891508468750001 0.20866427031249998 0.8325146578125 0.0396212546875 0.8532705296875 0.0576373671875 1 0.13953751875 1
0 0.19251675 0.8163936312500001 0.2065126828125 0.9303813546875 0.3073181515625 0.9180039984375 0.29332221875000003 0.8040162765625001 0.19251675 0.8163936312500001
0 0.23046165468750002 0.6574596406250001 0.246171375 0.78540504375 0.37566763124999997 0.769504903125 0.3599579109375 0.6415595 0.23046165468750002 0.6574596406250001
0 0.346952334375 0.6510275546875001 0.35599732500000003 0.7246930890625001 0.45292566093750003 0.7127917859374999 0.44388067031249995 0.6391262515625 0.346952334375 0.6510275546875001
0 0.37698881875 0.6969279125 0.3909847515625 0.8109156343749999 0.532887834375 0.7934921265625 0.5188919015625 0.6795044046875 0.37698881875 0.6969279125
0 0.5696362328125 0.60558171875 0.5882974765625 0.757565346875 0.7550142125 0.73709510625 0.73635296875 0.5851114765625 0.5696362328125 0.60558171875
0 0.8432951203125001 0.5137339703125 0.8608138375 0.6564124796875 0.9957380796875 0.639845865625 0.9782193625 0.49716735625 0.8432951203125001 0.5137339703125
0 0.7359456328125 0.5497412234375 0.757367978125 0.7242122281250001 0.8930676484375001 0.7075504031250001 0.871645303125 0.5330794 0.7359456328125 0.5497412234375
0 0.7954581046875 0.7651881375 0.8159283453124999 0.9319048734375001 0.977992521875 0.9120058953125 0.9575222796875 0.7452891578124999 0.7954581046875 0.7651881375
0 1 0.9211104718750001 0.8801660625000001 0.9358242296875 0.88273674375 0.9567607499999999 1 0.9423626328125 1 0.9211104718750001
0 0 0.44411184062500003 0.025985625000000002 0.44092120625 0.0068483296875 0.28506044375 0 0.2859013125 0 0.44411184062500003