6 0.21496742656249998 0.11973781718750001 0.20793728125 0.019202065625 0.0458331234375 0.030537492187499998 0.05286326718749999 0.1310732453125 0.21496742656249998 0.11973781718750001
6 0.3616755671875 0.056224259374999995 0.35835123593749996 0.008684096875 0.196247078125 0.020019525 0.199571409375 0.0675596859375 0.3616755671875 0.056224259374999995
6 0.4950610359375 1 0.5487974875 0.9962423812500001 0.5380070328125 0.8419316921875 0.3766822203125 0.8532126218749999 0.38694659374999996 1 0.4950610359375 1
6 0.036130434375 0.5637632296875 0.1873237359375 0.5531907640625 0.1742988953125 0.3669268515625 0.02310559375 0.37749931718749996 0.036130434375 0.5637632296875
6 0.3271484765625 0.5144364296874999 0.5235438984375 0.5007031234375 0.5128624390625001 0.347951128125 0.31646701718750003 0.361684434375 0.3271484765625 0.5144364296874999
6 0.3306263453125 0.2729806515625 0.49974462500000005 0.2611547484375 0.48900866875000004 0.10762340625 0.3198903875 0.119449309375 0.3306263453125 0.2729806515625
6 0.48253961093750003 0 0.34899907343750003 0.0093380640625 0.355702234375 0.10519773437499999 0.5201444328125 0.093698815625 0.5135923734375 0 0.48253961093750003 0
6 0.4218095703125 0.3785960546875 0.5885898109375 0.36693364375000004 0.5786713125 0.22509250625 0.41189107187499996 0.236754915625 0.4218095703125 0.3785960546875
6 0.2616413578125 1 0.25160523437500004 0.856476753125 0.07547283125000001 0.8687931296875 0.084647709375 1 0.2616413578125 1
6 0.6790649359375001 0.35042595625 0.8637701546875001 0.33751010937500003 0.8525437218749999 0.1769646453125 0.667838503125 0.1898804921875 0.6790649359375001 0.35042595625
6 0.5190648062500001 0.2574542765625 0.6881830875 0.24562837499999998 0.67766511875 0.0952144203125 0.5085468375 0.1070403234375 0.5190648062500001 0.2574542765625