1 0 0.45042045625 0.052948949999999995 0.44578802343749996 0.0357220734375 0.248883915625 0 0.2520091921875 0 0.45042045625
1 0.0484228765625 0.6540060796875 0.011843853125000001 0.6572063296875 0.023214953125 0.78717860625 0.059793978125 0.78397835625 0.0484228765625 0.6540060796875
1 0.3735398484375 0.497731846875 0.3853875828125 0.6331520640625 0.5955224015625 0.61476765 0.5836746671874999 0.4793474328125 0.3735398484375 0.497731846875
1 0.3701624921875 0.6384052578125 0.380035603125 0.7512554390624999 0.5707134953125 0.7345732843749999 0.560840384375 0.6217231046875 0.3701624921875 0.6384052578125
1 0.1037581671875 0.6679864906249999 0.11560590156249999 0.8034067078125 0.2852703109375 0.7885629953125 0.2734225765625 0.653142778125 0.1037581671875 0.6679864906249999
1 0.11061554375 0.773258171875 0.1215100109375 0.897782509375 0.266269553125 0.8851176890625 0.2553750859375 0.760593353125 0.11061554375 0.773258171875
1 0.08181611718750001 0.19309174843750002 0.091961590625 0.30905503749999996 0.299761578125 0.29087489375 0.2896161046875 0.1749116046875 0.08181611718750001 0.19309174843750002
1 1 0.761322790625 0.956874415625 0.765095790625 0.9716500375000001 0.9339819234375 1 0.9315016234375 1 0.761322790625
1 0.7505554828125 0.5761085171875 0.7649225625 0.7403249859375001 0.959491840625 0.7233023796875 0.9451247609375001 0.5590859109374999 0.7505554828125 0.5761085171875
1 1 0.48370386718749997 0.869729959375 0.49510101874999995 0.8789902578125 0.6009467046875 1 0.590359725 1 0.48370386718749997
1 0.21828711875 1 0.20867704687500002 0.89015638125 0.063139228125 0.902889290625 0.071635315625 1 0.21828711875 1
1 0.5170803671875001 1 0.51289484375 0.9521592421875 0.367357025 0.9648921515625 0.3704285640625 1 0.5170803671875001 1
6 0.6247804718750001 0.205190325 0.6398284546874999 0.377189565625 0.8071580328125 0.362550125 0.79211005 0.190550884375 0.6247804718750001 0.205190325