6 0 0.2501140796875 0.150002003125 0.234348234375 0.1319545109375 0.06263781406249999 0 0.07650679218749999 0 0.2501140796875
6 0 0.0780778984375 0.1103626703125 0.0664783140625 0.10742280781249999 0.0385073859375 0 0.049797978124999996 0 0.0780778984375
6 0.32765996249999996 0.10098484218749999 0.1660501546875 0.1179707171875 0.18270937812500002 0.27647264531250004 0.3443191859375 0.2594867703125 0.32765996249999996 0.10098484218749999
6 0.30228816875 0.2183423140625 0.10882258125 0.238676365625 0.12736005156250002 0.415048609375 0.3208256390625 0.39471455624999996 0.30228816875 0.2183423140625
3 0.474381321875 0.106773746875 0.32831091875 0.12212636406249999 0.3461950859375 0.29228284531250004 0.4922654890625 0.2769302265625 0.474381321875 0.106773746875
3 0.305512453125 0.5180848046875 0.1547802296875 0.5339273999999999 0.17078615 0.686213565625 0.321518375 0.6703709703125 0.305512453125 0.5180848046875
3 0.8062612187499999 0.9100771812499999 0.812549259375 0.9699038890624999 0.9990221140625 0.9503048015625 0.9927340734375001 0.89047809375 0.8062612187499999 0.9100771812499999
6 0.49090726875 0.5928654250000001 0.34095201406250003 0.6086263578125 0.3563046328125 0.7546967609374999 0.5062598875 0.7389358296874999 0.49090726875 0.5928654250000001
6 0.6609938171875 0.4995754875 0.47374399218749996 0.5192562374999999 0.49383305625 0.7103909140625 0.6810828812499999 0.690710165625 0.6609938171875 0.4995754875
6 0.41869785625 0.8101976828125 0.2788432140625 0.8248969984375 0.2936241921875 0.9655286109375 0.4334788328125 0.9508292953125 0.41869785625 0.8101976828125
6 0.6084863171875 0 0.6108528203125 0.0225157671875 0.7685777765624999 0.0059382062499999996 0.7679536453125 0 0.6084863171875 0