6 1 0.406383575 0.9742769734375001 0.509553 1 0.5159664703125 1 0.406383575
6 0.160803521875 0.759235084375 0.12054620625000001 0.9206983578125 0.3206697 0.9705947484375 0.360927015625 0.8091314765625001 0.160803521875 0.759235084375
3 0.8657534468750001 0.886688828125 0.9157843203124999 0.8991629250000001 0.9615226781249999 0.7157163890625 0.9114918046874999 0.7032422921875 0.8657534468750001 0.886688828125
3 0.664490875 0.23424359374999998 0.63179361875 0.36538512500000003 0.76672536875 0.3990273890625 0.7994226249999999 0.26788585625 0.664490875 0.23424359374999998
3 0.22813695156249997 0.5666798015625 0.186934628125 0.7319332921874999 0.3256565953125 0.7665205625 0.36685891875 0.601267071875 0.22813695156249997 0.5666798015625
6 0.5161120718750001 1 0.40783248125 0.9730028656249999 0.40329644531250003 0.9911959109374999 0.43860771875 1 0.5161120718750001 1
6 0.6090609609375 0.672927159375 0.5701266546875 0.829084128125 0.72325145 0.867262428125 0.7621857546874999 0.7111054593749999 0.6090609609375 0.672927159375
6 0.42106974218750004 0.3321697671875 0.3772213984375 0.5080358671874999 0.5697644562499999 0.55604224375 0.6136128000000001 0.38017614375000003 0.42106974218750004 0.3321697671875
6 0.44860993593750004 0.7351784218749999 0.40684060781250003 0.90270604375 0.5910451875 0.9486334031249999 0.632814515625 0.7811057828125 0.44860993593750004 0.7351784218749999
6 0.47941717656250005 0.6116173265625 0.4457749140625 0.746549075 0.5564492703125 0.7741432921875 0.5900915328125 0.6392115421875 0.47941717656250005 0.6116173265625
6 0.33372049375 0.634068246875 0.28987215 0.809934346875 0.4376906390625 0.8467896359375 0.4815389828125 0.6709235359375 0.33372049375 0.634068246875
6 0.1804714046875 0.399398234375 0.153066190625 0.509314546875 0.283449678125 0.5418228015625 0.31085489375 0.43190648906250007 0.1804714046875 0.399398234375
6 0.62840993125 0.4080204890625 0.597791690625 0.5308235421874999 0.6978534375 0.5557717375 0.728471678125 0.432968684375 0.62840993125 0.4080204890625