7 0.5930325062499999 0.5584924671875 0.7178611984375001 0.551950471875 0.70960193125 0.3943542484375 0.5847732390625 0.40089624375 0.5930325062499999 0.5584924671875
1 0.052271034375000004 0.2864208703125 0.2176690515625 0.27775272812499996 0.21026842031249998 0.1365402703125 0.044870403125 0.1452084125 0.052271034375000004 0.2864208703125
6 0.5449940453125001 0.3583886203125 0.6745038140624999 0.3516013015625 0.66763471875 0.220531175 0.5381249515625 0.22731849375 0.5449940453125001 0.3583886203125
6 0.7189220328125 0.76625114375 0.9053848921875 0.7564790390625 0.8947950375 0.5544125953125 0.7083321796875001 0.5641846984375001 0.7189220328125 0.76625114375
6 0.59943856875 0.7404377984375 0.725047440625 0.7338549171875 0.7157250984375 0.55597403125 0.5901162265625 0.5625569125000001 0.59943856875 0.7404377984375
5 0.43917031250000005 0.578290875 0.5577575703125001 0.5720759796875 0.548721440625 0.39965635 0.43013418281250004 0.40587124374999994 0.43917031250000005 0.578290875
6 0.2994453140625 0.3603047734375 0.47498566093749994 0.35110509375 0.46644018125000003 0.188047615625 0.2908998328125 0.19724729531250002 0.2994453140625 0.3603047734375
6 0.9643017421875 0.41777513749999995 0.9962890953124999 0.4160987515625 0.986680540625 0.23275661093750002 0.9546931875 0.234432996875 0.9643017421875 0.41777513749999995
6 0 0.0748040109375 0.14015064375 0.067459028125 0.1375747328125 0.0183077296875 0 0.0255177171875 0 0.0748040109375
6 0.6572514578125 0.38066905625 0.8210891171875 0.3720826875 0.8143426843749999 0.2433531 0.6505050265625 0.25193946718750004 0.6572514578125 0.38066905625
7 0.479643515625 0.45490983125 0.57950646875 0.44967623593750006 0.5699388015625 0.2671142734375 0.4700758484375 0.2723478703125 0.479643515625 0.45490983125