0 0.6451709078125 0.7589503625 0.6309400093749999 0.921610278125 0.7803692140625 0.9346836390625001 0.7946001125000001 0.7720237234375 0.6451709078125 0.7589503625
0 0.518986290625 0.1754196375 0.5054362968749999 0.33029678281249997 0.650974115625 0.3430296921875 0.6645241109375 0.188152546875 0.518986290625 0.1754196375
0 0.5560045515625001 0.30805696718750003 0.5425226484375 0.462155834375 0.6880604671875 0.47488874374999995 0.7015423703125 0.3207898765625 0.5560045515625001 0.30805696718750003
0 0.6214786140624999 0.447105028125 0.6148057515625001 0.523376184375 0.6739548125 0.52855105625 0.6806276734375001 0.4522799 0.6214786140624999 0.447105028125
0 0.282228821875 0.524080375 0.269564003125 0.668839915625 0.45401567812500004 0.684977346875 0.466680496875 0.5402178046875 0.282228821875 0.524080375
0 0.7307940890625 0.1657179859375 0.7435950874999999 0.019401890625 0.5801568953125 0.0051029015625 0.5673558953125 0.151418996875 0.7307940890625 0.1657179859375
0 0.6899574734375 1 0.6997878984375 0.887637740625 0.5347931515625 0.873202571875 0.5236998125000001 1 0.6899574734375 1
0 0.6193208890624999 0.624153190625 0.605838984375 0.7782520578125001 0.7840644421875 0.7938447656250001 0.797546346875 0.6397458984375 0.6193208890624999 0.624153190625
0 1 0.0418344125 0.7023464015625 0.015793096875000003 0.687094146875 0.19012717031249998 0.9991832671875001 0.2174314296875 1 0.20809613124999998 1 0.0418344125
0 0.6454369171875001 0.19118803906249998 0.6285504921875 0.3842007625 0.868259840625 0.40517261250000003 0.885146265625 0.212159890625 0.6454369171875001 0.19118803906249998
0 1 0.24024567812500003 0.921715765625 0.2333966953125 0.9082338609375 0.3874955625 1 0.395524059375 1 0.24024567812500003
0 0.7560510515625001 0.3341853453125 0.742569146875 0.4882842125 0.885772134375 0.50081285 0.8992540390625001 0.3467139828125 0.7560510515625001 0.3341853453125
0 0.859352071875 1 0.8700065562500001 0.8782186828125 0.7244687375 0.8654857734375 0.7127002671875 1 0.859352071875 1
0 0.7560655171875 0.7553204015625 0.7434687890625 0.8993016671875 0.8890066078125001 0.9120345765625 0.9016033359375 0.7680533109375001 0.7560655171875 0.7553204015625