3 0 0.3636590125 0.0723006578125 0.35091045625 0.0409625890625 0.17318343125 0 0.180406240625 0 0.3636590125
6 0.213850353125 0.11889959375 0.20082673906249998 0.045039012499999996 0.0669544359375 0.0686443109375 0.0799780484375 0.1425048921875 0.213850353125 0.11889959375
4 0.40420618125 0.7215629609375 0.43093172031250004 0.8731310296875 0.564804025 0.8495257296875 0.5380784843749999 0.6979576625 0.40420618125 0.7215629609375
6 0.353490409375 0.6004039859375 0.3888983578125 0.8012124421875001 0.6020169109375 0.763633890625 0.5666089624999999 0.562825434375 0.353490409375 0.6004039859375
6 0.5496952421875 0.79983188125 0.5764207828125001 0.9513999500000001 0.7826149046875 0.9150423625 0.7558893656250001 0.7634742953125 0.5496952421875 0.79983188125
6 0.5681514812499999 0.535581178125 0.602745453125 0.7317733468750001 0.7873969078124999 0.6992143140625 0.752802934375 0.50302214375 0.5681514812499999 0.535581178125
6 0 0.4267693046875 0.00901425 0.4778916546875 0.169045509375 0.4496738265625 0.14123466875 0.291950709375 0 0.3168541921875 0 0.4267693046875
6 0.2355770359375 0.0936494375 0.26406619062500003 0.255219459375 0.4087098296875 0.22971488281250002 0.380220675 0.0681448609375 0.2355770359375 0.0936494375
6 0.4157624078125 0.28320916406249996 0.447914453125 0.46555247499999997 0.6456453859375 0.4306871765625 0.6134933390625 0.24834386562500002 0.4157624078125 0.28320916406249996
6 0.5022729421875 0 0.5337157109375 0.17832079843749998 0.7337547843750001 0.1430485125 0.708531471875 0 0.5022729421875 0
6 1 0.7466099703125 0.9273219218750001 0.7594250765624999 0.9568963765625 0.927150146875 1 0.919549815625 1 0.7466099703125
6 0.8332602703124999 0.89183278125 0.84302798125 0.9472282171874999 0.9953654296875 0.920367015625 0.9855977203125 0.8649715796875 0.8332602703124999 0.89183278125
6 0.749742315625 0.3821866015625 0.7759252046875 0.5306771453125 0.9513440859375001 0.49974606406250005 0.9251611953125 0.35125552031249996 0.749742315625 0.3821866015625
6 0.8055189281249999 0.2351104265625 0.9563176140625 0.20852054999999997 0.9248438828125 0.0300241453125 0.7740451953124999 0.056614021875 0.8055189281249999 0.2351104265625
3 0.3649109734375 0.1612808078125 0.393535790625 0.32362021093750004 0.5535670500000001 0.29540238125 0.5249422328125 0.133062978125 0.3649109734375 0.1612808078125
3 0 0.25418333125000003 0.1597538 0.2260144265625 0.1300436828125 0.057519975 0 0.080450184375 0 0.25418333125000003
3 0.05739043125 0.5003004093750001 0.0896781390625 0.6834131 0.284331546875 0.649090453125 0.2520438390625 0.46597776093750004 0.05739043125 0.5003004093750001
3 0.0729550375 0.20165428749999997 0.0975099765625 0.34091225937499997 0.2436923765625 0.3151363578125 0.2191374390625 0.1758783859375 0.0729550375 0.20165428749999997