3 0.061827671875000004 0.6655759984375 0.21864371562499998 0.6737943796875 0.226371446875 0.5263404875 0.069555403125 0.51812210625 0.061827671875000004 0.6655759984375
6 1 0.193716978125 0.8364705171875 0.1851467609375 0.8262486499999999 0.3801915921875 1 0.3892975140625 1 0.193716978125
6 0.3854208765625 0.7904952562500001 0.55549996875 0.7994087234375 0.5635139125 0.646493575 0.3934348203125 0.6375801078125 0.3854208765625 0.7904952562500001
6 0.8295650140624999 0.7050290859375 0.9777990859375001 0.712797703125 0.9851179421875 0.5731456046875001 0.8368838703125 0.5653769859375 0.8295650140624999 0.7050290859375
3 0.3071536890625 0 0.2989269625 0.156975296875 0.44794121249999996 0.164784803125 0.45656846875 0.00016696562499999998 0.453382575 0 0.3071536890625 0
3 0.051612440625 0.89034941875 0.2318338640625 0.8997944234374999 0.2400931328125 0.7421982 0.059871707812499994 0.7327531953124999 0.051612440625 0.89034941875
3 0.549909415625 0.771734459375 0.71842815 0.7805661515625 0.72623765625 0.6315519015625 0.557718921875 0.622720209375 0.549909415625 0.771734459375
3 1 0.44953632031249996 0.9097002203125 0.4448039078125 0.8988650421875001 0.6515514296875 0.9924865609375001 0.656457925 1 0.5130929640625 1 0.44953632031249996
3 0.697343403125 0.6902764234375 0.8440171171875 0.6979632671875 0.8514586359375 0.5559706296875 0.704784921875 0.5482837859374999 0.697343403125 0.6902764234375
4 0.21620149843749997 0.5860463078125 0.3831598734375 0.594796225 0.39301375312500003 0.4067730078125 0.226055378125 0.398023090625 0.21620149843749997 0.5860463078125
8 0.2301928078125 0.7221212921875 0.422116921875 0.7321796093749999 0.43278855 0.5285528046875 0.24086443750000003 0.5184944890625001 0.2301928078125 0.7221212921875
4 0.5309056265625001 1 0.53794041875 0.8657681703125 0.377223478125 0.8573453531249999 0.37006817187499996 0.9938767343749999 0.4869070296875 1 0.5309056265625001 1