6 0.1091511015625 0.8792092281249999 0.10007903124999999 0.91559531875 0.276703175 0.9596326625 0.2857752453125 0.9232465734374999 0.1091511015625 0.8792092281249999
6 1 0.3501020890625 0.8881340953124999 0.32221078593749997 0.8382377046875 0.5223342796875 0.9997009765625 0.5625915953125 1 0.561392278125 1 0.3501020890625
3 0.6517446921875 1 0.4862685921875 0.958742175 0.47598186093750006 1 0.6517446921875 1
3 0.15448496875 0.655403496875 0.2856265 0.688100753125 0.3192687640625 0.5531690031250001 0.1881272328125 0.520471746875 0.15448496875 0.655403496875
3 0.65191946875 0.4299854140625 0.8171729593749999 0.4711877359375 0.8517602312499999 0.33246576875 0.686506740625 0.291263446875 0.65191946875 0.4299854140625
6 0.916302421875 0.8195805796875 0.934495465625 0.8241166156249999 0.9790998156249999 0.6452183406249999 0.9609067703124999 0.6406823046875 0.916302421875 0.8195805796875
6 0.5633063015625 0.830604290625 0.71946326875 0.8695385953124999 0.75764156875 0.7164138015625 0.6014846 0.677479496875 0.5633063015625 0.830604290625
6 0.34086383593749997 0.5440602546875 0.5167299359374999 0.5879085984375 0.5647363125 0.39536554062499996 0.3888702109375 0.351517196875 0.34086383593749997 0.5440602546875
6 0.6858490359375 0.7492394265625 0.8533766578125 0.7910087546875 0.8993040171875 0.606804175 0.7317763953124999 0.5650348484375 0.6858490359375 0.7492394265625
6 0.5806210828125 0.6449019625 0.7155528328125 0.6785442265625 0.7431470484375 0.5678698703125 0.6082153 0.53422760625 0.5806210828125 0.6449019625
6 0.6595834468749999 0.5639436296875 0.8354495468750001 0.607791971875 0.8723048359375 0.45997348281250006 0.6964387359375 0.4161251390625 0.6595834468749999 0.5639436296875
6 0.528675246875 0.301026815625 0.638591559375 0.32843203125 0.6710998140625 0.1980485421875 0.5611835015625 0.170643328125 0.528675246875 0.301026815625
6 0.33355390625000003 0.6702592218750001 0.456356959375 0.7008774625 0.4813051546875 0.600815715625 0.3585021015625 0.570197475 0.33355390625000003 0.6702592218750001