0 0 0.10065198125000001 0.1393221875 0.0884628703125 0.13421540625 0.030092085937500002 0 0.0418344125 0 0.10065198125000001
0 0.4309616 0.10529637656249999 0.1671256609375 0.12837902968749998 0.1841482671875 0.3229483078125 0.44798420625 0.299865653125 0.4309616 0.10529637656249999
0 0.5129795171875 0.34358605781249996 0.3316409515625 0.3594511265625 0.34573566875 0.5205544890625 0.5270742359375 0.5046894203125001 0.5129795171875 0.34358605781249996
0 0.7562288625 0.42582341875 0.6067996578125 0.43889677968749996 0.6208943765625 0.6000001421875 0.77032358125 0.5869267796875001 0.7562288625 0.42582341875
0 0.23852746875 0.5769880453125 0.139686275 0.5856355296875 0.1504445625 0.7086033125 0.24928575468749997 0.699955828125 0.23852746875 0.5769880453125
0 0.2232519265625 0.743013675 0.05825717968750001 0.75744884375 0.0715348125 0.9092128796875001 0.236529559375 0.8947777109375 0.2232519265625 0.743013675
0 0.45075474531250004 0.4839183109375 0.28965138437500004 0.49801302812500003 0.303201378125 0.6528901734375 0.4643047390625 0.63879545625 0.45075474531250004 0.4839183109375
0 0.5241551671875 0.551998859375 0.394182890625 0.5633699609375 0.4075286125 0.7159122734375 0.537500890625 0.7045411734375 0.5241551671875 0.551998859375
0 0.5493017015625 0.6870398171875001 0.4131032078125 0.698955640625 0.42604038906249997 0.846828290625 0.5622388828125 0.8349124671875 0.5493017015625 0.6870398171875001
0 0.484142528125 1 0.478436853125 0.9347838359375 0.3850436015625 0.9429546859375 0.39003441875 1 0.484142528125 1
0 0.5218304703125 1 0.6525366671875 0.9885646890625001 0.6445700875 0.89750626875 0.4787970625 0.912009528125 0.48649523125 1 0.5218304703125 1
0 0.79219154375 0.7293126828125 0.6287533515625 0.743611671875 0.6442098781250001 0.9202805749999999 0.8076480703125 0.9059815859375 0.79219154375 0.7293126828125
0 0.79550821875 0.7941139546875 0.811305196875 0.97467424375 0.978634775 0.9600348015625 0.9628377968749999 0.7794745125 0.79550821875 0.7941139546875
0 0.702765175 0.9441743171875 0.7062377875 0.9838664500000001 0.880571859375 0.9686141953125 0.8770992468750001 0.9289220625000001 0.702765175 0.9441743171875