0 0.05532717499999999 0.0878006671875 0.0343136921875 0.085962225 0.026823746875 0.1715727078125 0.047837228125 0.1734111484375 0.05532717499999999 0.0878006671875
0 0.0403296421875 0.42057234218749995 0.17263675 0.4321477140625 0.1880932765625 0.2554788109375 0.05578616875 0.24390343906249998 0.0403296421875 0.42057234218749995
0 0.2270173640625 0.3035855796875 0.3632158578125 0.31550140312499997 0.3769020328125 0.1590677046875 0.2407035390625 0.14715188125 0.2270173640625 0.3035855796875
0 0.05652493125 0.19064014375 0.329700196875 0.21453988281249997 0.3439310953125 0.0518799671875 0.07075582968750001 0.027980228125 0.05652493125 0.19064014375
0 0.237108740625 0 0.228649415625 0.0966905234375 0.3858613921875 0.11044478906249999 0.395524059375 0 0.237108740625 0
0 0.3829763109375 0 0.375179309375 0.0891201375 0.5316130078125 0.1028063140625 0.5404647625 0.0016302890625 0.5218304734375 0 0.3829763109375 0
0 0.253199015625 0.515266721875 0.341144328125 0.5229609390625 0.3564646734375 0.347848590625 0.2685193609375 0.34015437187500003 0.253199015625 0.515266721875
0 0.6477922109375001 0.28079680625000003 0.8042259093749999 0.29448298125 0.8184568078125001 0.13182306562499999 0.662023109375 0.11813689062499999 0.6477922109375001 0.28079680625000003
0 0.6720189984375 0.5417136765625 0.8292309734375 0.5554679421875 0.843461871875 0.39280802656249997 0.6862498968749999 0.3790537609375 0.6720189984375 0.5417136765625
0 1 0.3061213546875 0.8739692046875 0.29509508906250004 0.85973830625 0.4577550046875 1 0.47002631250000004 1 0.3061213546875
0 1 0.484142528125 0.9075441375000001 0.47605368906249995 0.8933132390624999 0.6387136046874999 0.989041321875 0.6470887265624999 1 0.521830475 1 0.484142528125
0 0.473247165625 0.5368711421875 0.630459140625 0.5506254078125 0.644690040625 0.3879654921875 0.48747806406249994 0.3742112265625 0.473247165625 0.5368711421875
0 0.5796294625 0.68341938125 0.7360631609375 0.69710555625 0.750294059375 0.534445640625 0.5938603609374999 0.5207594656250001 0.5796294625 0.68341938125
0 0.322328790625 0.46014452187500005 0.478762490625 0.473830696875 0.48788660625 0.3695415640625 0.33145290781250003 0.35585538906249997 0.322328790625 0.46014452187500005
0 0.3551730734375 0.550852259375 0.5123850484375 0.5646065250000001 0.521645346875 0.45876083906250004 0.3644333703125 0.44500657343750005 0.3551730734375 0.550852259375