6 0 0.35885806875 0.05096930468750001 0.347090878125 0.01037266875 0.1712475296875 0 0.1736422484375 0 0.35885806875
1 0.23217365625 1 0.22189626875 0.9554837468749999 0.09857755781250001 0.9839541140625 0.1022820421875 1 0.23217365625 1
1 0.0898408265625 0.8592867343749999 0.12059585312500001 0.9925013921874999 0.273602403125 0.9571770468749999 0.24284737656250002 0.8239623890625 0.0898408265625 0.8592867343749999
1 0.46870468125000003 1 0.4343318515625 0.851114921875 0.26838445 0.8894268984375 0.2939122625 1 0.46870468125000003 1
1 0 0.5569678062500001 0.006839704687500001 0.586593821875 0.141576815625 0.555487309375 0.09113857187499999 0.337015271875 0 0.35805626875 0 0.5569678062500001
1 0.23189255156250002 0.15137583906250002 0.20939744531249999 0.053938832812500004 0.031270417187499996 0.09506269687499999 0.0537655234375 0.192499703125 0.23189255156250002 0.15137583906250002
1 0.3689153 0.140588446875 0.4109178796875 0.3225216078125 0.5974184 0.27946456875000003 0.5554158203124999 0.097531409375 0.3689153 0.140588446875
1 0.5569678046875 1 0.633789871875 0.9822642281249999 0.6220150906249999 0.9312620453125 0.46748608750000004 0.9669378765625 0.47511908125 1 0.5569678046875 1
1 1 0.499223315625 0.9255364484375 0.5164145812500001 0.961563765625 0.6724660375 1 0.663592334375 1 0.499223315625
1 1 0.6924571359375 0.8171676453125001 0.7346673125 0.8538979343750001 0.8937636734375 1 0.8600333546875 1 0.6924571359375
1 1 0.44303219687500006 0.9813855125 0.3624039953125 0.93951805 0.3720698609375 0.9760725953125 0.5304049953125001 1 0.52488091875 1 0.44303219687500006
6 0.07425011875000001 0.704931515625 0.1139680390625 0.8769687312500001 0.2715419484375 0.8405899281250001 0.231824028125 0.6685527125 0.07425011875000001 0.704931515625
6 0.45412715625000005 0.25962715468750003 0.489275759375 0.41187247656250003 0.648372121875 0.3751421875 0.61322351875 0.22289686406250003 0.45412715625000005 0.25962715468750003