1 1 0.68056931875 0.9423754499999999 0.691770396875 0.9712949375000001 0.8405482671875 1 0.8349685687499999 1 0.68056931875
1 0.9265793921875 0.5245241421875 0.8981071125 0.3780469609375 0.7485623453125 0.40711551874999996 0.777034625 0.5535927 0.9265793921875 0.5245241421875
1 0.8918087078125 0.60768663125 0.859907828125 0.4435708359375 0.642109296875 0.48590658124999997 0.6740101765625 0.6500223765625 0.8918087078125 0.60768663125
1 0.32016164687500004 0.20944521562500001 0.2857265859375 0.032292184375 0.12084389531249999 0.0643421328125 0.15527895625000002 0.2414951640625 0.32016164687500004 0.20944521562500001
1 0.401720384375 0.3424199453125 0.37593135625 0.20974689687499998 0.1872748828125 0.24641799999999997 0.21306391093750002 0.37909104843749997 0.401720384375 0.3424199453125
1 0.4148762890625 0.48789496562499995 0.380441228125 0.3107419359375 0.226295084375 0.3407049109375 0.2607301453125 0.517857940625 0.4148762890625 0.48789496562499995
1 0.44931312031250004 0.6363962453124999 0.42024456250000003 0.4868514796875 0.28987220156250004 0.5121933000000001 0.318940759375 0.661738065625 0.44931312031250004 0.6363962453124999
1 0.45254069843750006 0.8044938203124999 0.42183237656249994 0.6465131953125 0.2377772796875 0.6822898828125 0.2684856015625 0.8402705078125001 0.45254069843750006 0.8044938203124999
1 0.284161221875 0.8881593109375 0.2598628890625 0.7631552234375001 0.1248891515625 0.7893914609375 0.149187484375 0.914395546875 0.284161221875 0.8881593109375
1 0.36161191875 1 0.34142162656249997 0.8961299531250001 0.1151872375 0.9401054640625001 0.12682955625 1 0.36161191875 1
3 0.087943228125 0.5665658921875 0.0066522265624999995 0.5823672609375 0.0407891484375 0.7579865 0.12208015000000001 0.7421851296875001 0.087943228125 0.5665658921875