6 0.187584871875 1 0.185240746875 0.8657052546875 0.0368258546875 0.8682958468749999 0.039124759375 1 0.187584871875 1
6 0.4071495625 1 0.40664741875 0.9712322484374999 0.2590136578125 0.9738092046875 0.2594708203125 1 0.4071495625 1
6 0.20849210468749999 0.451955196875 0.0358621515625 0.4549684640625 0.0383027609375 0.594790915625 0.2109327140625 0.5917776484374999 0.20849210468749999 0.451955196875
6 0.9606183250000001 0.209104296875 0.827826053125 0.2114221953125 0.830702971875 0.37624083750000004 0.9634952437500001 0.37392294062500003 0.9606183250000001 0.209104296875
3 0.426291309375 0.4403398078125 0.2950613 0.4426304359375 0.297474640625 0.580890625 0.42870464999999996 0.578599996875 0.426291309375 0.4403398078125
6 0.8661824687499999 0.8420988375 0.6669940609375 0.8455756843750001 0.6693664984375001 0.9814924812499999 0.86855490625 0.978015634375 0.8661824687499999 0.8420988375
6 1 0.8819569703125 0.854420646875 0.8844980671875 0.856329503125 0.993856409375 1 0.99134863125 1 0.8819569703125
6 1 0.8022573312500001 0.867090265625 0.8045772796874999 0.8685900828124999 0.890501690625 1 0.8882079234375 1 0.8022573312500001
6 0.808786040625 0.732146296875 0.6619334109375 0.7347096203125 0.664128596875 0.8604717125000001 0.8109812265624999 0.857908390625 0.808786040625 0.732146296875
6 0.48866125781249997 0.25328531249999997 0.3347784484375 0.255971346875 0.33792806249999996 0.43641261093750006 0.491810871875 0.4337265765625 0.48866125781249997 0.25328531249999997
6 0.4554877984375 0.053833892187499996 0.4545606390625 0.0007169828125 0.2983344375 0.003443921875 0.2992615953125 0.0565608296875 0.4554877984375 0.053833892187499996