6 0.0625613109375 0.8955508859375 0.060870609374999995 0.9924111312499999 0.2413118734375 0.9955607453124999 0.243002575 0.8987005 0.0625613109375 0.8955508859375
1 0.99134863125 1 0.9934064640625 0.8821068265625 0.8746745499999999 0.880034353125 0.87258054375 1 0.99134863125 1
1 0.7493878984375 0.9848950203125 0.886085825 0.9872810921875 0.8888263984375 0.830273759375 0.752128471875 0.8278876875 0.7493878984375 0.9848950203125
1 0.8218263828125 0.8189464718749999 0.9858638953125001 0.8218097578125001 0.9888362578125 0.651523196875 0.8247987453125001 0.6486599109375 0.8218263828125 0.8189464718749999
1 0.24294408281250002 0.857286921875 0.24053074218749998 0.9955471109375 0.4647153421875 0.99946026875 0.4671286828125 0.8612000796875 0.24294408281250002 0.857286921875
1 0 0.8569531625 0.0936798859375 0.8585883515624999 0.096870403125 0.67580369375 0 0.6741128140625 0 0.8569531625
1 0.11955224687499999 0.5402414 0.3062425578125 0.5435000921875 0.3095830578125 0.35212299375 0.122892746875 0.34886430156250003 0.11955224687499999 0.5402414
1 1 0.4868492 0.947969840625 0.48594101093750003 0.9452019984375 0.64451060625 0.9975377765625 0.6454241296875 1 0.5043634234375001 1 0.4868492
1 0.779005440625 0.0938699609375 0.7805597953125 0.0048210250000000005 0.6204279374999999 0.0020259140625 0.6188735828125 0.0910748484375 0.779005440625 0.0938699609375
1 0.8044264875 0.24902475000000002 0.9676828687500001 0.25187440156249996 0.971186984375 0.051123731250000005 0.8079306031250001 0.0482740796875 0.8044264875 0.24902475000000002
1 0.48294235468749996 0 0.48219897187500005 0.0425884125 0.644674221875 0.045424429687500004 0.6454241296875 0.0024622234375 0.5043634234375001 0 0.48294235468749996 0
6 0.59584595625 0.9626807109375 0.7723815640625 0.9657621515624999 0.7752039453124999 0.8040680328124999 0.5986683375 0.8009865921875001 0.59584595625 0.9626807109375
6 0.255669609375 0.48635876875 0.41189581249999996 0.48908570781250005 0.4147454625 0.32582932656249997 0.2585192609375 0.3231023875 0.255669609375 0.48635876875