0 1 0.8524777609375 0.901719325 0.8715815890625 0.9128995390625001 0.9290988078125 1 0.9121681921875 1 0.8524777609375
0 0.6099179625 0.8853249171875 0.8698957875 0.8347903484374999 0.8326284062499999 0.6430662890625001 0.57265058125 0.6936008593749999 0.6099179625 0.8853249171875
0 0.50344129375 0.65691381875 0.6821281171875 0.6221806187500001 0.651270725 0.46343309843749997 0.47258390156249996 0.49816629843750004 0.50344129375 0.65691381875
0 0.25292835 0.60055344375 0.40017242656249996 0.57193209375 0.369315034375 0.41318457343750004 0.22207095781250002 0.441805921875 0.25292835 0.60055344375
0 0.7519927156249999 0.39610238125 0.8493885375 0.3771705515625 0.825835553125 0.2560009453125 0.7284397296875 0.274932775 0.7519927156249999 0.39610238125
0 0.749830171875 0.2293895296875 0.9124121734375 0.1977867890625 0.8833436156250001 0.048242023437499996 0.7207616140625001 0.0798447625 0.749830171875 0.2293895296875
0 0.550656478125 0.5108460609375001 0.7094039999999999 0.47998866875 0.6797391625 0.32737631718750004 0.5209916421874999 0.358233709375 0.550656478125 0.5108460609375001
0 0.470541796875 0.4508108984375 0.59861346875 0.4259162859375 0.569395840625 0.275604625 0.44132416875 0.3004992359375 0.470541796875 0.4508108984375
0 0.43141739375 0.3191382390625 0.565624234375 0.2930510703125 0.537301025 0.1473407859375 0.4030941828125 0.17342795312499998 0.43141739375 0.3191382390625
0 0.46329614843750005 0 0.47599773437500004 0.06534399375 0.5680252828125 0.04745565 0.5588008390625 0 0.46329614843750005 0
0 0.45185547656249997 0 0.2972300296875 0.030056142187500003 0.3146711640625 0.11978300156249999 0.4780200625 0.0880311921875 0.46090853281250005 0 0.45185547656249997 0
0 0.185439409375 0.30248584843750004 0.34648761875 0.2711812484375 0.31264883593750004 0.097095803125 0.1516006265625 0.128400403125 0.185439409375 0.30248584843750004
0 0 0.21649742500000002 0.0104846359375 0.27043620156250003 0.1753673265625 0.238386253125 0.14078319687500002 0.06046632656249999 0 0.0878318078125 0 0.21649742500000002
0 0.251916734375 0.07945364687499999 0.24431418906250002 0.0403419390625 0.07252943125 0.0737335140625 0.080131978125 0.11284522187499998 0.251916734375 0.07945364687499999