6 0.0171556125 0 0.014482506249999999 0.076547728125 0.12691397499999998 0.08047392187499999 0.1297241859375 0 0.0171556125 0
6 0.5020827703124999 1 0.5080679546875 0.8286067453125 0.3370784296875 0.8226356593749999 0.33108007968750003 0.9944059578125 0.4912724828125 1 0.5020827703124999 1
6 0.89236005625 0.43474716874999997 0.898194815625 0.2676615140625 0.7272052921875 0.261690428125 0.7213705312500001 0.4287760828125 0.89236005625 0.43474716874999997
6 0.8640637546875001 0.8644901796875001 0.9874260593749999 0.8687980859375 0.9925519234375001 0.7220125578125 0.8691896171875 0.7177046515625001 0.8640637546875001 0.8644901796875001
5 0.5753137015625 0.60425441875 0.5818846234375 0.41608786562500005 0.49131482968749995 0.4129250984375 0.484743909375 0.601091653125 0.5753137015625 0.60425441875
5 1 0.0171556125 0.8875366640625 0.013228306249999999 0.8846738140625 0.095209584375 1 0.0992368640625 1 0.0171556125
6 0.31577502343749997 0 0.31260188125 0.0908669171875 0.5202877875 0.09811946875000001 0.5236959406249999 0.0005227078125000001 0.508727546875 0 0.31577502343749997 0
6 0.497135503125 0 0.49322342812500003 0.11202715781249999 0.6361050859375 0.1170166953125 0.6400312796875001 0.004585228125 0.508727528125 0 0.497135503125 0
6 0.50301655625 0.1897600359375 0.5074607890625 0.0624938609375 0.30992494531250003 0.0555957578125 0.3054807125 0.18286193281250002 0.50301655625 0.1897600359375
6 0.8172420859375 0.9293018578125001 0.8205957093749999 0.8332666453125 0.6527292828125 0.827404621875 0.6493756578125 0.9234398328125 0.8172420859375 0.9293018578125001
6 0.8969281765625 0.6397189562500001 0.9020813046875 0.49215265468749997 0.7037646875 0.4852272859375 0.698611559375 0.6327935874999999 0.8969281765625 0.6397189562500001
6 0.7108164 0.7981640203125 0.7159422625 0.6513784921875 0.5176256453125 0.6444531234374999 0.5124997828125 0.7912386515625001 0.7108164 0.7981640203125
6 0.562189240625 0.7562327125 0.5673151046875 0.6094471859375 0.46191060312500004 0.6057663796874999 0.456784740625 0.75255190625 0.562189240625 0.7562327125
6 0.47475989218750003 0.7750679468749999 0.47991302031250005 0.6275016453125 0.281596403125 0.6205762765625 0.276443275 0.768142578125 0.47475989218750003 0.7750679468749999
6 0.49934065937499994 0.6531953125000001 0.5033486484374999 0.5384215218749999 0.317524415625 0.531932396875 0.3135164265625 0.6467061859375 0.49934065937499994 0.6531953125000001
6 0.3494667296875 0.6917382671875 0.35459259374999996 0.5449527390625 0.150029784375 0.5378092484375 0.1449039203125 0.684594775 0.3494667296875 0.6917382671875
6 0.4220589171875 0.49336960625000004 0.427212046875 0.3458033046875 0.2000067875 0.33786912187499996 0.19485365937500002 0.4854354234375 0.4220589171875 0.49336960625000004
6 0.5153651515625 0.3957852515625 0.520491015625 0.24899972343750001 0.3221743984375 0.2420743546875 0.31704853437499997 0.3888598828125 0.5153651515625 0.3957852515625
6 0.7725447187500001 0.26171026406250003 0.7767980953125 0.13990950625 0.5238272921875 0.13107557187500002 0.519573915625 0.252876328125 0.7725447187500001 0.26171026406250003