5 0.6297167484374999 0.60241400625 0.7876973734375 0.633122328125 0.8195982515625 0.46900653437499995 0.6616176265625 0.4382982109375 0.6297167484374999 0.60241400625
7 0.84052671875 0.9673113875 0.91568255 0.9819202015625 0.9565276 0.7717906328125 0.88137176875 0.75718181875 0.84052671875 0.9673113875
1 0 0.5381081562500001 0.0996459203125 0.5574773609375 0.1294598265625 0.4040981140625 0.01365849375 0.381588615625 0 0.45185547656249997 0 0.5381081562500001
7 0.057138085937500006 0.4035700234375 0.1545339078125 0.422501853125 0.19493175000000001 0.214672971875 0.097535928125 0.1957411421875 0.057138085937500006 0.4035700234375
7 0.3958243203125 0.38902084375 0.5453690875 0.4180894015625 0.5751829921875 0.26471015468750003 0.42563822656249994 0.235641596875 0.3958243203125 0.38902084375
7 0.8212521828125 0.6897846859375 0.9332190328125 0.7115488359375 0.9636292171875 0.5551020046875 0.851662365625 0.533337853125 0.8212521828125 0.6897846859375
1 0.7312381078125 0.5059503859375 0.887684940625 0.5363605703125 0.9163062890625 0.3891164921875 0.7598594578125 0.358706309375 0.7312381078125 0.5059503859375
1 0.1475222375 0 0.1309525921875 0.08524343906250001 0.2774297734375 0.11371571875 0.2995338703125 0 0.1475222375 0
6 1 0.2111920328125 0.8905606593750001 0.1899191796875 0.8580635015625001 0.357102559375 1 0.38469221875000004 1 0.2111920328125
6 0.1942976875 0.295728709375 0.3469100390625 0.3253935453125 0.373593484375 0.18811911875 0.22098113281249998 0.1584542828125 0.1942976875 0.295728709375
6 0.37724257968749997 0.63610873125 0.5252535546875 0.66487915 0.565949534375 0.45551647656250005 0.41793856093750004 0.4267460578125 0.37724257968749997 0.63610873125
6 0.4871457765625 0.70124473125 0.6573967406250001 0.734338165625 0.6898938984375 0.5671547859375 0.519642934375 0.5340613515625 0.4871457765625 0.70124473125