7 0 0.958835840625 0.0088827140625 0.9593013640624999 0.0204538671875 0.738510615625 0 0.7374386734375 0 0.958835840625
6 0.263611221875 0.6964914015625 0.08963123281249999 0.687373496875 0.08133107656250001 0.8457499 0.25531106718749996 0.8548678046875 0.263611221875 0.6964914015625
6 0 0.6599887812499999 0.1852186671875 0.6696956796875 0.1933552734375 0.51443999375 0.0022113390625 0.504422565625 0 0.5466174265625 0 0.6599887812499999
6 0.41126399375 0.49143793281250003 0.185011990625 0.4795805671875 0.17912419531249998 0.5919263906250001 0.40537619999999996 0.6037837546875 0.41126399375 0.49143793281250003
6 0.82177640625 0.21175795000000003 0.673542334375 0.20398933125 0.66274804375 0.40995667343750003 0.810982115625 0.4177252921875 0.82177640625 0.21175795000000003
6 0.4965034984375 0.10396175 0.38727839375 0.0982375046875 0.3775471765625 0.283920184375 0.48677228125000005 0.2896444296875 0.4965034984375 0.10396175
6 0.9090072890625001 0.099763528125 0.9131369234375001 0.020965415625 0.807032534375 0.0154047203125 0.8029029 0.0942028328125 0.9090072890625001 0.099763528125
6 1 0.44171309843750006 0.9530189578125 0.4392509265625 0.9477853625 0.5391138796875 0.99849701875 0.5417715640625 1 0.513092971875 1 0.44171309843750006
6 0.711818728125 0.7872606671875 0.5745071671875001 0.780064471875 0.5656345875000001 0.9493633859375 0.7029461484375 0.9565595796874999 0.711818728125 0.7872606671875
6 0.9682237062500001 1 0.975369059375 0.863658525 0.8318160640625001 0.85613523125 0.82427643125 1 0.9682237062500001 1
1 0.4769404625 0.208549984375 0.27565419687500003 0.19800101875 0.268376228125 0.3368729390625 0.46966249375 0.3474219046875 0.4769404625 0.208549984375