1 0.8033329328125 0.9720129875 0.9283372375000001 0.991811725 0.9555910546874999 0.819737896875 0.8305867499999999 0.799939159375 0.8033329328125 0.9720129875
1 0.9072656328125 1 0.9111240953124999 0.975638628125 0.7560261609375 0.9510735296874999 0.74827696875 1 0.9072656328125 1
1 0.7379941203125 1 0.7611495390624999 0.8538024343749999 0.59293386875 0.8271596890625 0.5672688390625 0.9892023078125 0.6354427874999999 1 0.7379941203125 1
1 0.3451394765625 0.7436175640625 0.37166000781249997 0.576173525 0.20730249375 0.5501418515625 0.1807819640625 0.717585890625 0.3451394765625 0.7436175640625
1 0.579916809375 0.8693933375 0.60668176875 0.7004060359375 0.4500405703125 0.6755965078124999 0.4232756109375 0.844583809375 0.579916809375 0.8693933375
1 1 0.07295965625 0.9578599390625 0.0662853265625 0.9304839078124999 0.2391307875 1 0.2501410546875 1 0.07295965625
1 0 0.537874059375 0.0544284046875 0.546494671875 0.08388208124999999 0.3605314765625 0.017521771875 0.3500210359375 0 0.46064914999999995 0 0.537874059375
1 0 0.9270403421875001 0.1686876296875 0.9537578390625001 0.1942304453125 0.7924868515625 0 0.7617237703125 0 0.9270403421875001
7 1 0.3300308796875 0.8417487296875 0.3049663421875 0.8102174078125 0.5040472734375 0.9815196046875 0.5311788749999999 1 0.41449825156250003 1 0.3300308796875
6 0.8839995109375 0.8772149 0.9449584 0.8868698390624999 0.9753897921875 0.6947335921875 0.9144309015625 0.6850786515625 0.8839995109375 0.8772149
6 0.525405009375 0 0.5225687140625 0.01790766875 0.680753175 0.042961624999999996 0.68393075 0.02289920625 0.5393508546875 0 0.525405009375 0
1 0.428894703125 0.21980197812500002 0.4581039515625 0.0353820453125 0.2767705453125 0.00666165625 0.247561296875 0.1910815890625 0.428894703125 0.21980197812500002
6 0 0.6976537125 0.13854113437499999 0.7195964734375 0.161761875 0.572986484375 0 0.5473659203125 0 0.6976537125
6 0.5017566890625 0.7336198046875 0.5309659359375 0.549199871875 0.35117579375 0.5207239109375 0.3219665453125 0.7051438421875 0.5017566890625 0.7336198046875