7 0.0812071828125 0.293965778125 0.0662953796875 0.46440846562500004 0.2165028609375 0.47754991718750006 0.23141466406250003 0.30710722968750004 0.0812071828125 0.293965778125
6 0.437872709375 0 0.4248242859375 0.1491441421875 0.5835928171875 0.16303458906249998 0.5972789921875 0.0066008906249999996 0.5218304687499999 0 0.437872709375 0
6 0.1116312609375 0 0.09942683906250001 0.1394971765625 0.2714260796875 0.15454516093749998 0.2842270796875 0.0082290640625 0.1901684515625 0 0.1116312609375 0
6 0.46311933125 0.4912837203125 0.4481394390625 0.662504684375 0.628699728125 0.6783016625 0.6436796203124999 0.5070806984375 0.46311933125 0.4912837203125
6 0.1560653734375 0.0926929453125 0.0346541453125 0.0820708390625 0.02151269375 0.23227832187500003 0.142923921875 0.242900428125 0.1560653734375 0.0926929453125
6 0.6784494859375 0.53992356875 0.663265321875 0.7134793640625 0.8002420921875 0.725463278125 0.81542625625 0.5519074828125 0.6784494859375 0.53992356875
6 0.27867315625 0 0.267719209375 0.125204184375 0.3891304375 0.135826290625 0.40043344843749995 0.0066322906249999996 0.3246260203125 0 0.27867315625 0
6 0.069879125 0.79096345 0.055852496875000004 0.9512885343749999 0.2037251484375 0.9642257140625 0.21775177499999998 0.8039006296875 0.069879125 0.79096345
6 0.5648189109375 0.3417659625 0.5505880125 0.504425878125 0.7163610359375 0.5189291375 0.730591934375 0.356269221875 0.5648189109375 0.3417659625
6 0.6907015265625 0.0234008796875 0.676879171875 0.18139113281250002 0.8356477015625 0.19528157968749998 0.8494700578125001 0.0372913265625 0.6907015265625 0.0234008796875
3 0.2932739375 0.8191345390624999 0.27897494843750004 0.9825727328125 0.44786107968750005 0.9973483546875 0.46216006875 0.8339101624999999 0.2932739375 0.8191345390624999