6 0.2262747734375 0.12017503437499999 0.2134422578125 0.039153725 0.0768634796875 0.060785678125 0.08969599375000001 0.1418069875 0.2262747734375 0.12017503437499999
1 0 0.5393508546875 0.027298925 0.711709484375 0.124524496875 0.6963104671875 0.0966596078125 0.5203784812500001 0 0.5356878578125001 0 0.5393508546875
1 0 0.3895277328125 0.01940540625 0.5120486468750001 0.1652437625 0.48895012031249996 0.1361567296875 0.3053018203125 0 0.32686692812499996 0 0.3895277328125
1 0 0.288108496875 0.09004338437500001 0.273847025 0.06767814375 0.1326384578125 0 0.1433576234375 0 0.288108496875
1 0.49375286718750006 0.175893225 0.46674347968749996 0.005362659375 0.29081149375000004 0.0332275484375 0.31782088124999996 0.2037581140625 0.49375286718750006 0.175893225
1 0.73316700625 0.3191100890625 0.7062798328125 0.14935115625 0.550410265625 0.1740384703125 0.577297440625 0.343797403125 0.73316700625 0.3191100890625
1 0.829699759375 0.7238356328125 0.7989017234375 0.529384490625 0.67544068125 0.5489387984375 0.706238715625 0.743389940625 0.829699759375 0.7238356328125
1 0.6413329046875 0.9079127453125 0.609923796875 0.7096034453125 0.464857071875 0.7325797578125 0.49626617968750003 0.9308890578125 0.6413329046875 0.9079127453125
1 0.6024853609374999 0.8673972781250001 0.621428596875 0.9870001625 0.7857861109375001 0.9609684890624999 0.766842875 0.8413656046875 0.6024853609374999 0.8673972781250001
1 0.9631319656249999 0.9170598984374999 0.9389335093750001 0.7642768578125 0.830905096875 0.781386878125 0.855103553125 0.9341699171875 0.9631319656249999 0.9170598984374999
1 1 0.6905348171875 0.968387346875 0.69554176875 0.9956411640624999 0.8676155968750001 1 0.8669252249999999 1 0.6905348171875
1 1 0.6280467359374999 0.8260117875 0.6556037609375001 0.847277096875 0.7898676453125 1 0.7656787125 1 0.6280467359374999
1 1 0.875626096875 0.9236805296874999 0.8877139140624999 0.9316244671874999 0.9378699625 1 0.9270403421875001 1 0.875626096875
1 0.42732245156250004 1 0.41576489375000003 0.927028453125 0.2575804328125 0.9520824093750001 0.2651698328125 1 0.42732245156250004 1