6 0 0.8337404796874999 0.0559613328125 0.8406116671874999 0.07557467968750001 0.6808737703125 0 0.6715943671875 0 0.8337404796874999
6 0.080286184375 0.886102703125 0.2082315859375 0.9018124234375 0.2253694625 0.762235621875 0.0974240609375 0.7465259015625 0.080286184375 0.886102703125
6 0.2838258375 0.773348746875 0.44433916093750003 0.7930573046875 0.46138182656250004 0.6542559296875 0.30086850468750004 0.6345473703125 0.2838258375 0.773348746875
3 0.10675750625 0.183308978125 0.2595165625 0.2020654328125 0.275607125 0.0710183234375 0.12284806875000001 0.0522618703125 0.10675750625 0.183308978125
6 0.456011790625 0.8133813328124999 0.6731312625 0.8400402515625001 0.6959817640625 0.6539378484375 0.47886229374999995 0.6272789296875 0.456011790625 0.8133813328124999
6 0.8782944562500001 0.9384330109375 0.9488582843750001 0.947097159375 0.9717087859375001 0.7609947546875 0.9011449578124999 0.7523306062499999 0.8782944562500001 0.9384330109375
6 1 0.0576373671875 0.8431899828124999 0.03838351875 0.8328120468750001 0.12290502656249999 1 0.143433125 1 0.0576373671875
6 1 0.11194844374999999 0.963790440625 0.10750246875 0.940559096875 0.2967065796875 1 0.30400500468749997 1 0.11194844374999999
6 0.34171476875 0.34675511875 0.52006290625 0.36865351562500004 0.5397714640625 0.20814019374999998 0.3614233265625 0.1862417953125 0.34171476875 0.34675511875
6 0.0757111203125 0.698994215625 0.23622444374999998 0.7187027734375 0.2517437421875 0.592308225 0.0912304203125 0.5725996671875 0.0757111203125 0.698994215625
6 0.16544469374999998 0.7887238187500001 0.32595801562500004 0.8084323765624999 0.3407156328125 0.688241240625 0.18020230937499998 0.6685326828125 0.16544469374999998 0.7887238187500001
6 0.18121474531249998 0 0.17412144062499998 0.057770331249999994 0.3439398828125 0.07862141406249999 0.35359337968750004 0 0.18121474531249998 0
6 0.1661984359375 0.4235940546875 0.32748718593750004 0.443397821875 0.3490999515625 0.267375965625 0.187811203125 0.24757219843749997 0.1661984359375 0.4235940546875
6 0 0.5173194249999999 0.1074181765625 0.5305087187499999 0.1280788390625 0.362241128125 0.014866543749999999 0.34834040625 0 0.4694186875 0 0.5173194249999999
6 0.6286423390625 0.6574763625 0.8007870625000001 0.6786130765625 0.82173335625 0.50801920625 0.6495886328125 0.4868824921875 0.6286423390625 0.6574763625
6 0.6267134703125 0.173162540625 0.7911039265625 0.19334715 0.81033643125 0.036710960937499995 0.645945975 0.0165263515625 0.6267134703125 0.173162540625