6 0.319733390625 0.08950871406250001 0.2681359875 0.2964546 0.432631434375 0.33746792187499997 0.48422883906249997 0.1305220359375 0.319733390625 0.08950871406250001
6 0.73424718125 0.27740113437499997 0.6932338609375 0.44189658125 0.84029430625 0.47856286875 0.881307628125 0.31406742187500003 0.73424718125 0.27740113437499997
6 0.669923015625 0.134952115625 0.6253186656249999 0.313850390625 0.808007159375 0.359399746875 0.8526115078125001 0.1805014734375 0.669923015625 0.134952115625
6 0.8182707875 0.7089856906249999 0.9547186249999999 0.7430059578125 0.9955429453125 0.579268553125 0.8590951078125 0.5452482875 0.8182707875 0.7089856906249999
1 0.77834973125 0.20385461093749999 0.81350400625 0.06285851249999999 0.6452183406249999 0.020900184375 0.610064065625 0.16189628125 0.77834973125 0.20385461093749999
1 1 0.129486359375 0.8944378890625 0.10316676875 0.8496445375 0.2828230875 1 0.3203109140625 1 0.129486359375
1 0.86890330625 1 0.8703689484374999 0.9941216328125 0.667971325 0.9436582375 0.6539237453125 1 0.86890330625 1
1 0.564606896875 0.7898650546875 0.5339886578125 0.9126681062499999 0.7303219328125 0.961619490625 0.7609401734375 0.8388164375 0.564606896875 0.7898650546875
1 0.5395900453125 1 0.5724252375 0.868305240625 0.3639632640625 0.8163298328125 0.3252179609375 0.9717287578124999 0.43860771875 1 0.5395900453125 1
1 0.1977117890625 0.6951671609375001 0.1625575125 0.836163259375 0.3164403515625 0.874530559375 0.35159462656249996 0.7335344625 0.1977117890625 0.6951671609375001
1 0.1337457453125 0.8193176765624999 0.109175553125 0.9178633359375 0.30096056875 0.9656807109375001 0.3255307609375 0.8671350515625 0.1337457453125 0.8193176765624999
1 0.1114267734375 0.5826700312499999 0.065688415625 0.7661165671875 0.2339740796875 0.8080748968749999 0.2797124390625 0.6246283609375001 0.1114267734375 0.5826700312499999
1 0 0.63540490625 0.1016231484375 0.660742403125 0.14962952499999999 0.4681993453125 0.001811034375 0.43134405625000005 0 0.43860771875 0 0.63540490625
1 0 0.8809808109375 0.0250266078125 0.8872206453124999 0.06792994375 0.7151447625 0 0.698207925 0 0.8809808109375
1 0.242012534375 0.03631371875 0.108596871875 0.0030494578125 0.0677725515625 0.16678686250000002 0.2011882140625 0.20005112343749998 0.242012534375 0.03631371875