7 0.5601071984375 0.408002496875 0.5557447625 0.28307864375 0.39802839687499997 0.2885862203125 0.40239083437499995 0.4135100734375 0.5601071984375 0.408002496875
1 0.27863945156250003 0.9439333031249999 0.2728592234375 0.7784091984375 0.13153911406250002 0.7833442046875 0.1373193421875 0.9488683109375 0.27863945156250003 0.9439333031249999
6 0.3591954421875 0.4525413484375 0.3546694140625 0.32293285 0.22349936874999998 0.327513409375 0.22802539687499998 0.45712190625 0.3591954421875 0.4525413484375
6 0.770031309375 0.2857580328125 0.76351491875 0.0991530265625 0.56129443125 0.106214721875 0.567810821875 0.292819728125 0.770031309375 0.2857580328125
6 0.7421366218750001 0.40477279375 0.73774691875 0.2790681671875 0.559730428125 0.2852846390625 0.5641201296875 0.41098926718750006 0.7421366218750001 0.40477279375
5 0.5772173265625 0.5621867859375 0.5730730109375 0.4435091265625 0.4005219390625 0.44953474218749995 0.404666253125 0.568212403125 0.5772173265625 0.5621867859375
6 0.3568258875 0.6980861234375 0.3506912109375 0.5224119546875 0.187509428125 0.5281103875000001 0.19364410468749998 0.70378455625 0.3568258875 0.6980861234375
6 0.42589084374999997 0.0343339515625 0.42477296875 0.0023222140625 0.241291059375 0.00872954375 0.242408934375 0.04074128125 0.42589084374999997 0.0343339515625
6 0.06640436250000001 1 0.061244668749999995 0.85224566875 0.0120559015625 0.853963378125 0.0171556125 1 0.06640436250000001 1
6 0.383431646875 0.34068987968750003 0.3777059484375 0.176727321875 0.2488782234375 0.181226084375 0.2546039234375 0.3451886421875 0.383431646875 0.34068987968750003
7 0.45456142968749996 0.519566453125 0.4510714796875 0.41962737031249997 0.26837034375 0.42600743437500005 0.27186029375 0.5259465171875 0.45456142968749996 0.519566453125