4 0.8149929625000001 0.7832546015624999 0.6847212796875 0.799249953125 0.70128789375 0.9341741953125 0.8315595765625 0.91817884375 0.8149929625000001 0.7832546015624999
6 1 0.4694186921875 0.9833244578125001 0.3336073 0.9282691640625 0.3403672390625 0.9570227125 0.574546096875 1 0.56926915 1 0.4694186921875
1 0.8996578578125 0.44069566406250005 0.724411428125 0.4622132203125 0.746214615625 0.6397859296874999 0.9214610453125 0.6182683734375 0.8996578578125 0.44069566406250005
1 0.352192878125 0.514212846875 0.16919218125 0.5366825078125 0.1925187359375 0.72666204375 0.3755194328125 0.704192384375 0.352192878125 0.514212846875
1 0.28647600156249997 0.34439341093750003 0.101149025 0.367148703125 0.12266658125 0.5423951328125 0.30799355781250004 0.5196398421875 0.28647600156249997 0.34439341093750003
7 0.5305813046875001 1 0.6221933796875 0.9887514515625 0.6069597109375 0.8646831828125 0.40845048124999994 0.8890570515625 0.4220725625 1 0.5305813046875001 1
6 0.5817092500000001 0.9346885 0.5888500328124999 0.9928454999999999 0.7524650625 0.9727561015624999 0.7453242796875 0.9145991 0.5817092500000001 0.9346885
1 0.761920365625 0.9471945078124999 0.7648718890625 0.9712327343749999 0.93469033125 0.9503816515624999 0.9317388093750001 0.9263434234375 0.761920365625 0.9471945078124999
1 1 0.8841159703124999 0.980373775 0.8865257671875 0.9874193468750001 0.9439073421874999 1 0.9423626328125 1 0.8841159703124999
6 0.7203163875 0.473735665625 0.5605784921875 0.4933490140625 0.582952940625 0.675574284375 0.7426908375 0.6559609359375 0.7203163875 0.473735665625
6 0.6114003203125 0.6059635531249999 0.47259894375 0.62300621875 0.49554465625 0.8098840484375 0.63434603125 0.7928413828124999 0.6114003203125 0.6059635531249999