6 1 0.25546875 0.828125 0.25546875 0.828125 0.41640625 1 0.41640625 1 0.25546875
6 0.7875 0 0.7875 0.0953125 0.95 0.0953125 0.95 0 0.7875 0
6 1 0.890625 0.95234375 0.890625 0.95234375 1 1 1 1 0.890625
6 0.53203125 0.421875 0.53203125 0.2609375 0.375 0.2609375 0.375 0.421875 0.53203125 0.421875
6 0.7671875 0.38046875 0.7671875 0.24921875 0.60546875 0.24921875 0.60546875 0.38046875 0.7671875 0.38046875
6 1 0.1125 0.8921875 0.1125 0.8921875 0.23828125 1 0.23828125 1 0.1125
3 0.28671875 0.70390625 0.28671875 0.553125 0.1203125 0.553125 0.1203125 0.70390625 0.28671875 0.70390625
3 0.55234375 0.728125 0.55234375 0.5484375 0.3703125 0.5484375 0.3703125 0.728125 0.55234375 0.728125
3 1 0.65546875 0.8203125 0.65546875 0.8203125 0.8203125 1 0.8203125 1 0.65546875
3 0.309375 0.54921875 0.309375 0.3734375 0.14921875 0.3734375 0.14921875 0.54921875 0.309375 0.54921875
6 0.51875 0.1875 0.51875 0.04921875 0.35078125 0.04921875 0.35078125 0.1875 0.51875 0.1875
6 0.1421875 0.83515625 0.1421875 0.70625 0.02890625 0.70625 0.02890625 0.83515625 0.1421875 0.83515625