3 0.5087275531250001 1 0.6103618640625 0.9964508515625001 0.6047724921875 0.8363921640624999 0.4525215453125 0.8417088843749999 0.45804919374999997 1 0.5087275531250001 1
3 0.709832396875 0.3527435 0.579443125 0.35729679375 0.5853596796875 0.5267247703125 0.7157489515625 0.5221714765625001 0.709832396875 0.3527435
6 0.7516025328125 0.07142687343750001 0.5931053937499999 0.07696171562500001 0.5999217015625 0.2721552359375 0.758418840625 0.26662039375 0.7516025328125 0.07142687343750001
6 0.030841546874999997 0.6531854609375001 0.0050760015625 0.6540852125 0.0096292953125 0.784474484375 0.035394840625 0.7835747328125 0.030841546874999997 0.6531854609375001
6 0.6695296078124999 0.54176519375 0.5282094984375 0.5467002015625 0.5332263 0.6903626328125 0.674546409375 0.685427625 0.6695296078124999 0.54176519375
6 0.625144396875 0.0766246140625 0.4721126765625 0.0819686 0.478247353125 0.25764276875 0.6312790734375 0.2522987828125 0.625144396875 0.0766246140625
6 0.44893985000000003 0.4705140109375 0.2771695515625 0.4765123625 0.28319516718750004 0.649063434375 0.45496546562500007 0.643065084375 0.44893985000000003 0.4705140109375
6 0.47231096250000004 0.042875365625 0.3247446609375 0.04802849375 0.3303612984375 0.20886795625 0.4779276 0.2037148265625 0.47231096250000004 0.042875365625
3 0.20310752812500002 0.30321026875 0.0563220015625 0.3083361328125 0.062402146874999995 0.482448753125 0.209187675 0.4773228890625 0.20310752812500002 0.30321026875
6 0.550512425 0.9391296484374999 0.5525845828125 0.998468478125 0.70717785 0.9930699625000001 0.70510569375 0.9337311312500001 0.550512425 0.9391296484374999
6 0.47055681250000003 1 0.46506846093750004 0.8428341890625 0.2893942921875 0.848968865625 0.294668415625 1 0.47055681250000003 1