5 0.0585980546875 0.5097960828125 0.0783967921875 0.6348003890625 0.22655004218750002 0.6113352187500001 0.20675130625000002 0.48633091406249995 0.0585980546875 0.5097960828125
6 0.564344671875 0.9462090999999999 0.5720441796875 0.9948218859375 0.7047648015625 0.9738010046875001 0.6970652921875 0.92518821875 0.564344671875 0.9462090999999999
6 0.6216180375 0.788432075 0.6444721343750001 0.93272716875 0.8142310687500001 0.9058399953125 0.7913769703125 0.7615449015625 0.6216180375 0.788432075
6 1 0.700817665625 0.875837090625 0.7204831390625 0.899668903125 0.870951284375 1 0.8550603999999999 1 0.700817665625
6 1 0.5837513859375 0.8955593000000001 0.6002931671875 0.9135248203125 0.7137230015625 1 0.700026678125 1 0.5837513859375
6 0.358959334375 0.2787142265625 0.383157790625 0.431497265625 0.4989025171875 0.413165103125 0.47470406093750006 0.2603820625 0.358959334375 0.2787142265625
6 0.6243907859375 0.55623331875 0.6466338125 0.6966702546875 0.750804065625 0.6801713078125 0.728561040625 0.5397343718750001 0.6243907859375 0.55623331875
6 0.791781959375 0.7591077921875 0.8181802749999999 0.9257801999999999 0.9115476890625 0.9109922546875 0.885149371875 0.7443198468750001 0.791781959375 0.7591077921875
6 1 0.46064915156249997 0.9940885984375001 0.42332603124999996 0.879115503125 0.4415359796875 0.9027028874999999 0.5904608625 1 0.5750505125 1 0.46064915156249997
6 0.11883698281249999 1 0.10566252031250001 0.9168197156250001 0.0609078921875 0.9239081515625 0.0729596578125 1 0.11883698281249999 1
6 0.3649573046875 0.5063598828125 0.38622261562500004 0.640623765625 0.5536666546875 0.6141032359375 0.5324013437499999 0.4798393515625 0.3649573046875 0.5063598828125
6 0.48883278125 0 0.5036643093750001 0.0936425921875 0.701973609375 0.062233484375 0.69211679375 0 0.48883278125 0
6 0.46064914687499997 0 0.345391246875 0.0182550578125 0.3596903359375 0.10853594531249999 0.522504584375 0.0827487015625 0.5093984781249999 0 0.46064914687499997 0