1 0.542127159375 0.2375170484375 0.53184550625 0.11999720625000002 0.325602071875 0.13804116875 0.3358837265625 0.2555610109375 0.542127159375 0.2375170484375
1 0.7087790968750001 0 0.7130874046875 0.049244196875 0.877303875 0.0348771171875 0.874252521875 0 0.7087790968750001 0
1 0.8096406890625 0.1937225578125 0.7936394390625 0.0108274375 0.6449885109375 0.0238327078125 0.6609897609375001 0.206727828125 0.8096406890625 0.1937225578125
1 0.6157120953125 0.334598121875 0.6043409953125 0.2046258453125 0.3942061765625 0.223010259375 0.4055772765625 0.3529825375 0.6157120953125 0.334598121875
1 0.18217434999999998 0.23763946875 0.16855626562499998 0.0819840484375 0.011344290625 0.0957383140625 0.024962375000000002 0.2513937359375 0.18217434999999998 0.23763946875
1 0 0.4512046890625 0.12306198125000001 0.4404381625 0.10569892343750001 0.2419775 0 0.25122495625 0 0.4512046890625
1 0.3730610984375 0.6805003125 0.356310853125 0.48904414375 0.1975423234375 0.502934590625 0.2142925671875 0.6943907593749999 0.3730610984375 0.6805003125
1 0.2632340609375 0.9042048828125001 0.245871003125 0.7057442203125001 0.0621976046875 0.7218135609375 0.0795606640625 0.9202742234375 0.2632340609375 0.9042048828125001
1 0.9158532859375 0.4306797140625 0.9057078125 0.31471642499999997 0.7041340421875 0.33235184375000004 0.714279515625 0.4483151328125 0.9158532859375 0.4306797140625
1 0.9005770390625001 0.6594441437499999 0.884439609375 0.47499246875 0.7490193921875 0.486840203125 0.765156821875 0.671291878125 0.9005770390625001 0.6594441437499999
1 1 0.5095835984375 0.921786678125 0.5164263765625 0.932681146875 0.6409507140625 1 0.635061078125 1 0.5095835984375
1 0.611405815625 0.8949181265625 0.619849028125 0.9914244875 0.8860197984375 0.9681375624999999 0.8775765859375 0.8716312015625001 0.611405815625 0.8949181265625
1 0.521830471875 1 0.6284100765625 0.9906754921875001 0.6222819375 0.9206305531250001 0.46740479375 0.934180546875 0.4731632484375 1 0.521830471875 1
6 0 0.1884862171875 0.029428471875 0.18591155937499998 0.0166955625 0.040373740625 0 0.0418344125 0 0.1884862171875
7 0.517819228125 0.793313096875 0.5045415953125 0.6415490609375001 0.386243475 0.6518988046875 0.3995211078125 0.8036628406249999 0.517819228125 0.793313096875