3 0.169682975 0.6018153749999999 0.1652114765625 0.729862325 0.30965468125 0.7349063921875 0.3141261796875 0.60685944375 0.169682975 0.6018153749999999
3 0 0.9828443874999999 0.03126283125 0.983936109375 0.0344528640625 0.8925855421875 0 0.8913824203124999 0 0.9828443874999999
3 0.0464793515625 0.23479204999999997 0.041598875 0.3745506109375 0.17511124375 0.379212965625 0.1799917203125 0.2394544046875 0.0464793515625 0.23479204999999997
6 0.41088020625 0.5672432265625 0.40439108125 0.753067459375 0.6089538906249999 0.76021095 0.615443015625 0.5743867171875 0.41088020625 0.5672432265625
6 0.5394501703125 0.4224232828125 0.5332609625 0.599659 0.695661971875 0.60533016875 0.7018511796875 0.42809445156250003 0.5394501703125 0.4224232828125
6 0.9521796765625 0.9379226140625001 0.9849721890625001 0.939067753125 0.9909978046875001 0.7665166812499999 0.9582052937500001 0.765371540625 0.9521796765625 0.9379226140625001
3 0.7198733984375 0.65073404375 0.7150474531250001 0.78893105625 0.8782292359375001 0.794629490625 0.8830551828125 0.6564324781249999 0.7198733984375 0.65073404375
3 0.7982730140625 0.7785480125 0.7927654375000001 0.9362643765625001 0.9567279953125001 0.941990075 0.9622355718750001 0.7842737109375 0.7982730140625 0.7785480125
6 0.88886015625 0.8035997187499999 0.9895800124999999 0.8071169328125001 0.9953875062499999 0.640812053125 0.89466765 0.6372948390625 0.88886015625 0.8035997187499999
6 0.1118908 0.7569241953125 0.1063014265625 0.9169828828125001 0.2741678546875 0.9228449078125 0.2797572265625 0.7627862203125 0.1118908 0.7569241953125
3 0.759313684375 0.3495832875 0.753260803125 0.522915134375 0.9304965203125001 0.5291043421875 0.9365494015625 0.3557724953125 0.759313684375 0.3495832875
3 0.5817855125 0.15029749375 0.5771231578125 0.2838098625 0.72859333125 0.2890993171875 0.7332556859375 0.1555869484375 0.5817855125 0.15029749375
3 0.6053400859375 0.2816683140625 0.599832509375 0.43938467968749995 0.7583296484375001 0.444919521875 0.763837225 0.28720315625000004 0.6053400859375 0.2816683140625
3 0.08829269687499999 0 0.0868689453125 0.040770934375 0.2492699546875 0.046442103125 0.2508917484375 0 0.08829269687499999 0